USER_ID,AGE,GENDER,LOCATION,SALARY,OCCUPATION,LANGUAGE,FAV,NAME
0,40,MALE,78577,24216,chef,gu,"crumble, trini, open, splash, heat,, tenderized, mind, linguine,, spreading, (15, pre-cook, makisu, again, headnotes),, running, clark's, 4-ounce), sticks, stretching., sauce,, washed, crystalized, shortcake., root, optional**, slather:, (any, 454, 245, verbena, pak, tapioca, non-alkaline/non-dutched, good-sized, instead, breakfast, diced., all-purpose), 1/8, wraps, chickpea-sized, temp,, 21c), stores.), roast,, post), large-flake, pictures, cupcakes, russets",Clifton Rogers
1,42,MALE,30349,39141,chef,in,"cherry, kind, flakes),, tartar, (24, was, (the, (serrano), chips, drop, vegetarians), (homemade, dusted, cups),, could, (walnuts,, sprouts), (bamboo, tabasco, (leftover), (1cm), chanterelles,, 1arborio, crisp, dagoba),, bark,, jack), pound),, stick), this, choice, shortcake., dough,, verbena, couscous*, unbaked, cookie, piece, (2t., especially, towels, (pimenton, (3t.), jalapeno,, stretching., dogs, minute, super, (large), meatballs:",Darren Price
2,33,MALE,79912,48627,butcher,de,"fine),, bigger, panko, 6.5, (before, my, bagel, oil:, leftover/pre-cooked, coating, celery,, measuring, candy,, pestle, had, soba), m&amp;ms,, (chocolate, slice, defrosted, 160g, oz/200g), drummettes, greens,, cup/, warm,, broth), sit, 1-pound, florets),, bags, krusteaz, toasted*, bit, basmati, flat-leaf, dumplings:, hearts,, 3.75, 1-1/2, potatos,, popcorn*, sweet, modelo, fritos, thyme), colorful,, 50g, (or, herbs",Marcus Lake
3,48,FEMALE,91331,39225,baker,in,"try, while, diced, defrosted, peppers,, bunches, olives, crunch, dressing/marinade:, (baker's), (small, 12-inch, salsa,, crumbled, arugula, soft, whites, steaks, cannelini, chicken, toss,, started, lentils),, crackers, christmas, black,, found, candied, shakes, bouillon, cashew, mostaciolli,, lukewarm, medium),, tef, tsp.), lumps, peel), pat-in-pan, file', chunky, 453, choulula), equiv., dry., linguine, thick-cut, walnuts, big,, lilikoi",Cinda Manos
4,37,FEMALE,10452,20606,deli,ka,"1/6-inch, 300, romanesco, (240g), blends., in., lolipop, me:, gallo,, vegan, destemmed, greasing, basic, extract), (one, only,, (try, 70, temperature(!), handful, bbq,, chanterelle, teaspoon+, macaroni, were, krispies, softened,, dough, cake, big,, for, finish:, head),, good, colorful,, 1/2, grand, (large, rices, gouda, (cavitappi,, unsulphured, grana, drizzling, pound)., lemon), seedless, cut, between, pluck",Ida Gregory
5,44,MALE,10453,21109,baker,gu,"heat!), lined, equal, tough, caraway, extract, again, 15g, 18, dipping, lukewarm, scrubbed,, tried, nori,, natural, (stuffed, scan, pound)., good!), gin, drippings, temperature), graham, un-peeled,, destemmed,, (with, (small, pepper), ounce, lightly-flavored,, binding, post)., mexican, rib), gold,, boiling, penne, cans, jello, instead, three, you'll, (bite-sized, crisps, blender, thick-cut, granola, timbale, non-stick, cubes.",Joe Pickens
6,46,FEMALE,93033,46342,sue chef,el,"chuck, nori, &amp;, (leftover), up, (11-ounce, (above), brine, (jack, kisses,, scallops, desert, pasta, (24-28, (sirloin, (icing), (26-30, lundberg's), condensed, hard, mezzaluna, sirloin, plenty!), dish,, process, sugar., 2-1/2, transparently, (here, berries,, inch, 1/6-inch, bbq,, leafy, (makes, coriander, cupcakes, phyllo, 10.5, palm, bunch), gently., 15-30, sifting, mashed,, skillet), linguini, aluminum-free, print, asparagus",Martha Smith
7,40,FEMALE,93535,39747,deli,el,"plate, turkey, shoulder, chopped*, crystaliized, wedge, crisps, hershey, zest,, chives, flatbread, peaches,, mustard), g),, picked, muffin, (monterey, (compressed), ~2, harissa, transparently, green, cook, 180, menthe, of), partially, thick-sliced, recipe, crimp, port, (use, souffle, ever, sierra, limes), 28), chestnut, sherry, skins,, oil:, kernels), cheddar, dente,, 9-inch, cleaned,, sweet/spicy, t, cracked, puffed",Mia Coward
8,38,FEMALE,11212,20839,butcher,ka,"(105, brands,, dough., oranges, read, self-rising, minutes, spoon., figure, bite, achiote, blistered, de-stemmed,, pizza, ibarra, flaky, rectangle,, way, asiago, 4.5, borlotti,or, blackberries,, whites,, basket, eggplant, sliced/chopped, marbled, sheets, alralfa, crust"", cacao),, fiorelli, bbq,, -12, (additional,, ribeye, meal, (frank's,, segements, round,, flax, skillet/pan, optional:, rib, brew, hours., coke, available), (3.5, a-p",Belinda Brown
9,44,MALE,10467,29044,pastry,de,"much, lemon, low-sodium, taste!), one),, dr., gruyere,, ginger), smashed, 30, **, shell:, urad, brining, cacao),, (~3, pints, coins, quaker, capers,, colors), giant, (red,, black,, crimp, ardrahan, millet*, edges., regular, 6.75, rice), together,, low-fat, potatos,, (.14, was, taste, limoncello, orange,, coloring, 1arborio, steakhouse, prep, prime, frosting:, seeds*, half-and-half, wrap, potatoes), eggs,",Britt Haskin
10,33,MALE,92154,42970,baker,gu,"(1.2, iron,, are, quarter, caper, dozen, garbanzo, filling), 115g, shallot, 2.5-cm, ot¬her, cranberries, beans), light,, filling:, cranberry, between, whole, drained, lolipop, thin/regular, thick, sprigs-worth), melted,, cup, artichoke, needed), suspect, roll), stick), bowl, 3.5, tomato, use), it, pith, (walnuts,, cereal, sake, move, lite), one), sauce:, freshly, foods, veg:, (sleeves), (inner, boiling",Kevin Dinwiddie
11,40,MALE,95076,45354,deli,ka,"brown), sorghum, cavitappi), el, seaweed), (chevre), serranos), cans), (125, onions),, tenderloin, interior, (120, potato,, fine),, broth/stock, keep, 1%, black, (leftover), cheddar), (orange, posole, berries), (large), follows), scrubbed, (sweetened, (feel, spoon, flank, gave, litres, sheet, chuck, coated., hoisin, pomegranate,, chickpea-sized, (sold, needed, peppers, sticks, (arugula), nigari, prettier, machine, roast), (pork, all-purposed",John Williams
12,39,MALE,91910,42970,chef,in,"/250, basil/cilantro, one),, photo):, instructions, additional, 4-5-inch, graham, rolled, ""pico, would, crackers), anchovy, ziti, temperature(!), sprinkles,, laloo's, yolks), awase, dashes), better), crumbs, 453, broccolini, stripped, oz., kalamata, (""pork, -12, (such, labeled, shell, unseasoned, kirsch, (scallions),, turkey, serranos), like,, crumbled, larger, nectarines., caesar, (garbanzo, asparagus, cooking, teaspoons, dime,, sage, heaping, (parmesan",Christopher Demers
13,42,MALE,78521,23426,candy maker,it,"muscovado), salt, french, fritters, scissors, bars,, chicken), preferred, 100%, rectangular, aluminum, mozzerella,, marjoram, sugar*, (dried, semi-sweet), coconut,, sweet, heirloom, crusts), 350, bag), salty, bark,, husked, mung, (muscovado), (blackstrap), (approximately), (sold, winter, than, greek), tortillas, nori, farmers', shallots), needles), 115, sized, (31/2, grated, beans,, 3x., loose, cooking), (something, ones, last, write-up.",Marshall Kennedy
14,41,MALE,77036,26931,butcher,el,"shortcakes:, combined., peel, spread, (moroccan,, ml), yellow, kabobs, cara, before, (.25, chickpea, rye, wine), rosewater,, bags, rub, lemons, shrimp, oil,, diced., 600g, running, photo),, soaked, caviar, 60g, dehydrated, (23, 1arborio, brushing, (if, scan, arborio, 1%, baked, 30, chilled,, sake, (preferably, frosting:, warmed, nicely), ozs., jamaica, sheet, (wedge), 140, non-stick, capers,",Harry Henderson
15,39,FEMALE,37211,37141,sue chef,in,"pesto:, corn,, jacob's, marjoram,, wrinkly,, ""pico, dough,, (brown, (4-inch), greek), palm, seitan,, (mayo,, dijon-style, degrees., (cheddar,, meyer, 60, pickles, 12g, cashew, krachai, -3, (approximately), gel, (crisco,, unbleaced, pepperoni, 250g, broccoli), 1/4-inch-diced, ""tenders"", jack), 1½, farang, ~1/2, t-bone,, note), (~3),, reasonable, bleached, an, baby, loose, watercress, whipping, minched, start, makisu, tenderloin",Sarah Barry
16,44,MALE,30043,71424,candy maker,it,"first, sourdough, cracked, buy, stick), (23, in, pistou, vodka, bags), mushrooms, quinoa,, mandarin, oil,, prep, la, sandwich, large-flake, beaten,, semi, 50, hand), thin, crispy, thirds), (115, 21c), pickle, carrot, cup/, peeled., (be, (optional)**,, gems,, small/medium, bring, miso, would, 2/3-inch, shells,, 120, (something, serve., dash, molds,, taste), (corona,, 1-pound, macaroni, discarded,",Harvey Brooks
17,34,FEMALE,11214,33765,deli,in,"melts, unseasoned, 10, vegan, peppercorns, 16, (coating, modern, peppers,, preference., marmalade, fragrant,, possible;, tomato, broth, (optional),, herbs,, miracle, 300ml, wafers:, borlotti,or, crosswise, (white/black, vinaigrette, several, times, bagels, bits, coffee,, (add, paste:, 1-3/4, deseeded, seconds), dijon, dente,, puree), pinched, sunspire, towels, barn, orzo, penne), moisture, containers, relish, cup), called, chicken), carrots,",Sydney Cox
18,35,FEMALE,10458,22072,baker,ka,"(natural, ghee), (chevre), rib-eye,, (minus, (chopped), cheaper), mango, cannellini, bowls, brown., cup), (mache), by, stems,, full, scallions, get, 0.25, 180, feta, /120, small-medium, boneless,, equivalent, amounts, gruyere, potato, (additional,, (8-inches), part, pumpkins, ""croutons"", (powdered), (sold, (5.3, sage,, 80ml, cran-raisins, swiss,, darkest, fine-grained, puree), transfer, packed, oil/, mustard,, fingerling,, 2/3, light",Megan Larson
19,47,FEMALE,93307,26462,deli,it,"swiss, cake, bags), (3.8, ribs), teaspoons), simply, herb, pinto, always, (coriander), note, (plain), lot's, (frozen, dr., can, necessary., there?), separated, (grated, too), picture, (dried, hazelnut, bark, tried, leaf,, parsnips,, juice*, curls, brown-sugar, (scant), sprouts), (46, tortillas, fudge,, spice), eau-de-vie), 24, oi, (bowtie), flatbread, (stems,, green, tahini, brazil, bulgar, boil., (long-leaf",Kathryn Colman
20,40,FEMALE,11230,32327,sue chef,en,"oi, crisp,, arborio, chilies), much, pack), pastry:, 9, (divided),, notch, hair, fresh/dried, noodles,, amounts, can,, (penne, sifting, hearts,, did, romano, beets, buttermilk/milk, tablespoons+, sprinkled, alternately, parsley, regular,, prosciutto,, coating,, almonds,, also, flute, 30g, pimiento-stuffed, portions, touch, blanched, summer,, candies, yield, fingerlings,, cultured, gorgonzola, zested, gem, dry-roasted, /340, leftover, achiote, (cheddar,",Marilyn Reed
21,37,FEMALE,91710,55185,baker,ka,"several, one, (70%, frosting:, ganache, tortilla, one,, (wild), cheddar/jack), state,, duncan, steak), bellas,, add-ins:, prefer), bakeware, oz,, ""beef, partially, ounces), 6+, serrano), hock,, grained, perfect,, yuba, agave, (inner, oz/200g), spreading, less, spaghetti, ""strips""), cremini, pecorino, crustless, melted,, rigatoni,, dulce, lettuce, pan-frying, almonds), choice)., couscous*, temperature*, peaches,, seen, chevre, citrus, muhammara",Carol Ridenour
22,42,MALE,10456,16664,sue chef,de,"hazelnuts, together)., biscuits, scissors, sour, andes, tip, cooking), pickles,, chard,, flavor, roasted/toasted, 175g, croutons:, sprinkling, (optional)*, beaten, wafers, (milder), sauce,, butt""), ounces),, orzo, green,, pecan, galangal, bagels, 45, peeled., 300ml, 2-1/2, toffee, ozs.), inch,, substitute), lemon), pots,, thickness, berries), wafers:, chimayo), 1½, extra, available), (more,, glaze,, tortilla, anchovy, shortening, turkey,",Mark Middleton
23,35,MALE,90706,39362,pastry,it,"lump-free, shoyu), substitute, rub, (92%, chipotles, (preferably, stale, deciliters, roast, (thick), bacon, raw,, 20g, sheet, pears,, tempeh, shells,, rounds., 130, ""beef, sprouts, an, cashews, ginger,, equal-sized, muhammara, mayo,, easter, later, thicker, will, fixins, granulated, /chickpea, lillet, tied, scan, (the, bone-in, t-bone,, dulse, (175, husks, grind), yolk, greens:, pearled, w/, desire)",Paul Butts
24,31,FEMALE,91342,48744,baker,ka,"(evaporated, starter), (totally, turkish, salty,, (butt), bagel), stalks), velvet, aluminum, 4x., grana, (125, german, almonds),, even, (tenderized, miniature, 90, cheez, fennel,, them., teaspoon+, (deseed, meat, cup, sriracha, fraîche, fold, bass,, fontina,, dusting, chilled,, parsley, bowl., meyer, sorrel,, ~1/2, cube,, chorizo), lollipop, sixths,, roasted,, bean,, {4, (tomatoes, parts, bouillon, pounded, moist",Margie Jackson
25,34,MALE,11373,38151,baker,it,"cube, berger, miracle, coating, flatbread, part), gouda, pimentos), dill),, unrefined, broth), harissa,, drained, when, note:, extra, preference., 1-3/4, 10), topping:, sierra, (egg, (alternately,, yolks), soy, (approx, ml, center, apricots., flat-leaf, (2t., sweetened, indian, 20, julienne, olive, (jack, cane), fine),, chopsticks, teriyaki, bulb,, (~105, (.11, cheddar, (pimenton, square, stores.), sticks,, steaks",Raul Wong
26,41,MALE,23464,53486,chef,de,"destemmed,, feta,, (for, fava, piping, (measure,, foods, noodles, frosting, i.e., unrisen, moving., /120, clover, shell:, stiff, shortening), (roma), chop), solid, (140g), eggs, asparagus,, pie, whole,, doesn't, sisters, day-old,, fajita, preheat, ones, good,, polenta), paprika...anything, number, mat), pioneer, /15, circles, wrappers, too,, jar, oil/, (11-ounce, zucchini), sliced/chopped, ganache, oranges, loaves., krusteaz",Allan Meeker
27,44,FEMALE,92804,41887,baker,el,"square, (mild, ravioli, or, rim, 109, asiago, pears, chips/, cups),, gems,, (190, dehydrated, germ, filling., hummus:, 28, relish, flakes., (coriander),, brie, container, photo, (3, 60, cube, ripe, ahead, grade, northern, (optional),, haven't, stinging, medium/large, (scallions), (50, variety), mild, patted, (up, like,, pliable, peppermints, bourbon, don't, 13, parts), 2-inch, 115f, (may",Maria Olmos
28,40,MALE,91331,39225,deli,el,"risotto., shell, (i've, great,, centimeters, (almond, sisters, kernels,, dough"", sweeteners, lillet, (see, champagne, fraiche, 710, top,, slits, sprinkles,, chilies), (superfine), bison,, water-packed), wedge, (150g), larges, mine, (you, 1.5+, handful/scoop, (look, medium-length, apricots,, grain, skillet,, thinly, good!), oranges, addition, shallots,, (and, penne), headnotes, zucchini), 1/4-inch, 45g, tip, times,, whip), ritz, pasilla",Tomas Day
29,39,FEMALE,77429,78527,butcher,gu,"(such, rack, sugar*, pudding, following:, tempered, whisper, destemmed,, broth), glug, pim's, bibb, hair), (frank's,, tablespoons+, squash*,, roasted, sweetened, 1.3, kahlua, way, nettles*, kaffir, paneer, (horapaa), 210, (other, instructions, cracks), havled, crust"", marinade:, (icing), between, fluid,, (2t., roast,, (of, kale, anejo, 7/8, peachs,, penne, onions,, guacamole:, stencils, (full-or-reduced, (approx, za'atar, pizza",Crystal Flores
30,40,MALE,11214,33765,chef,el,"super, sprouts,, example:, rice,, poppy, juicy, pitted,, seeded,, pepitas,, pumpkins, 8-ounce, drummettes, 36, (6, alkalized, crush, kernels:, fat), pound, possible, fully, fajita, big,, 14), blend), radishes, hanout, lump, figure, (oats, (look, crumble, icing:, frozen), pimento, biscuits, country, blueberries, hummus:, check, lasagna, pimentos,, xantham, english, cream,, toasted,, amaranth, binding, uniform, extract",Mark Riddle
31,41,MALE,85364,31515,deli,en,"(farfalle), flour), sald, toffee, plus, good-tasting, wilted, must, fragrant., taste,, well), (i, romaine), touch, fritters, 4-ounce, asparagus,, 454, (30-40, bundt, inches, candies, cup),, avocados,, 1-ounce, rolls:, liquid, radishes, avocado, spanish, with:, biscuits, raisins, early, muscovado, squeeze, come, (compressed), discs, (thick), squares, mozzarella,, water-packed), oz, (by, gold, 1.5cm, refrigerated, my, variety",Marvin Jordon
32,34,MALE,11368,34746,pastry,in,"1-2, artichokes,, (raw), 4-1/4, 415, almonds, deeply, macaroni, towels, velveeta, mayo, clean,, brushing, notch, called, tea, gnocchi, savoy, sirloin, aromatic, ideally, tomatoes),, lettuce), base, looking, fingerling,, seeded, juice., mirasol, wrappers,, 1/8ths, plumped, x, cornmeal, quartered, together)., skillet, clear, salty, pistou, is, peel,, (half, 4x., (pecorino,, chickpeas, spring, booze, baby, saffron)",Robert Nicklas
33,42,MALE,75211,32702,pastry,in,"muffin/cupcake, zucchini), muscavado),, watermelon,, peeler, barbecue, broccolini),, can, read, dough,, brand), urad, chorizo), juiced, their, pesto, frying, crystals, 4.25, pineapple,, cheese., (drained, (cavitappi,, popsicle, apricots., plumped, drained, stalks, (10-15, sheet, ree's, bit., oyster,, (make, possible, done,, butter:, thyme,, serrano, overnight,, root,, chilled,, tin, dusting), roughly, sriracha,, zucchini),, lemon,, honeydew, 1/3",Joseph Lowery
34,34,FEMALE,11212,20839,baker,it,"reds, 10, ozs)), certainly, black, caster, water), plate,, buttered, porcini, panko, onions,, gems,, semi-sweet, don't, penne), (granulated), (large, found, jelly,, pre-cook, (21, skillet, melting, polenta), puffy, liquid, flakes., (regular,, 1%, flakes)), move, scant, prime, pinenuts,, millet,, non-fat, fin,, seasonal, oyster,, best!), rice,, slider, greek-style, boil., flute, alley), fill, (sweetened, headnote!)",Maxine Leon
35,36,FEMALE,77084,53075,candy maker,in,"ended, small), shavings, {4, vinaigrette:, sauce:, navy, kitchen), olives,, rice,, dates,, pickle, of), diameter, slider, (diagonally), refrigerated, med.), spring, club, margarine, berger, choice)., flavor, eyed, rib-eye,, crustless, jumbo-style, resist, pimentos, create, curried, tahini, thinning, 3.5-ounce, tbls, frozen, (divided), pappardelle, kirsch, (115, chops), first), pure, gram, different, whisk, arthur, scoops, rocket",Leslie Sullivan
36,40,FEMALE,93722,43256,deli,en,"arugula-shallot, crunchy, container, ok, scallops, sixths,, grinder), (105-115f), etc),, 75g, things, eggplant, bet, egg),, (real), fill, 1/8, caraway,, avocados, degrees), **, shoots,, leaves), quarts, well-washed, tequila, jullienned, tablespoon, variety), pork, butt""), scoops, lb.),, broth, choice)., firmly, removed),, (.03, 16, fingerling, limes,, pepperoncini, breasts,, oil),, my, parts,, (dried, carrot, choosing), freshly",Louise Serrata
37,38,MALE,92335,35008,butcher,en,"sugar-mashed, (granulated), pepitas, finish:, chops:, extra,, a, (coriander), herbs, season, turn, semisweet, (whole-grain), ranch, fat-free, hash, 7.5, check, clear, ribeye,, notes), (apf, laloo's, coconut, butter**, wedges., egg,, sprouts), russets), (1.65, pinch, those,, 28-ounce, garnishes:, thirds, superfine, onion,, (3.8, back, verbena, pecan, towels, nice, soup:, beef), baby, loaf, 200g, oz., tsp",Matthew Brann
38,38,MALE,77084,53075,pastry,el,"choosing), 15-ounces, preferred, such, pancakes, (1/4-inch, medium-grained, 1/4-inch-thick, great,, tarragon,, skinless, dressings, oversalt), degrees), savoiardi, crushed,, covered, ice, spaghetti,, 2+, pimentoes,, tablespoons,, 15-30, flip, juice, tots, cumin), alternately, coffee, provolone,, savory, pure,, farfalle, mozarella, mozzerella,, (lightly, a, sauce), chili, oven., temperature,, pollen, single, pressed, -a, mints, (bosc, muhammara, dehydrated, (depending",Cyrus Parker
39,40,FEMALE,22193,67190,deli,it,"seeded, celery,, 320, shoyu), figs, 200, chilies, (sirloin,, segment, 115f, adzuki, mixture*, lollipop, g, borlotti,or, mixture:, typically, fixings., shaken, spanish, baking, packet), excellent!, sliced, fl, poppy, currants, non-stick, smoked, taspoon, ever, (well), it), (white, peppermints, thighs, (measure,, (cavitappi,, grain, well-strained,, plum), maple, poounds, muscovado), flaked, non-alkalized, optional), (ribeye,, 6+, mist",Annie Simmons
40,37,FEMALE,10467,29044,butcher,ka,"sheet, vermouth, brussels, triple, pasta:, candy,, cookies, squeeze, 2t, twice., romano,, fruit:, medium),, deveined, penne,, sunchokes,, (roma), guessing, taste), replaced, add, unsulfured, place, bunches, capacity, 16, semi,, anchovy, ingredients:, caramelized, washed,, oil),, small/medium, soda, (ribeye,, mint,, 60, needed,, may, desire), read, ears, globe, loosely, very, 100%, trini, zucchini),, 4-section, shavings",Edith Martinez
41,28,MALE,92704,49923,deli,de,"grease, fruit,, (20, shiitake, apricots, scissors, weights,, mix:, fresco, lettuce), tenderized, (2-3, cured, 180, (divided), looking, sheet, (corn, dinner, black, numi, meatballs), 160g, pimiento-stuffed, 100, nuts,, garlic, farmer, mint, (make, legs), blueberries, de-stemmed, passing, (30, crown,, (rind, andes, skillet,, tofu, tomatoes,, good!), nonfat, clean, pluots,, goo, together)., herb), ~, 1.5cm",William Clennon
42,38,MALE,93307,26462,baker,de,"tempeh, tenderloin,, tapioca, caramelized, slicing, etc.), (80, rustic, job)., cherry, 2-3, wheat, shrimp, flakes,, fruit, cover, circle, cashews, 560, seeded,, avocado, pineapple,, tops), m&amp;m's,, curd, purpose, serranos,, special, carrot, along, cutter, g),, covered, hickory-smoked, fluid, skewered, 15-20, raisins), bay, grams), scallions),, spicy), 4, sauce, bittersweet, chuck, goes, melissa's, oi, ladyfingers",Andre Jackson
43,39,MALE,60647,35283,deli,el,"flageolet, paneed,, virgin, 80g, beets, low), pin, strip, lead-free, cabbage, (wild), husked, fresco), pitted,, -3, serving, 4x., bay, dulce, could, rim, empire,, that, fraîche, round), somewhat, apples, eggplant/aubergine, been, spice), inch,, 15-ounce, gummy, scissors, limes, rotel, dusting, (18.25, (100g), (evaporated, wine,, undrained, -------------------------, unflavored, coins, grillin’, line, top, using*, surface",Jeff Redmon
44,37,FEMALE,90706,39362,candy maker,el,"fritters, tef, tasting,, seed,, chopped/shredded, locally, additional, boxes, unbleaced, dijon,, times, artichoke, avocados, boneless, short-grain, deciliters, whirl, seed, removed,, tomatoes, teaspoon), seasonings), lillet, chocolate), phuang), shoyu, berries),, grapes,, got., (ikea, scallions),, souffle, gum, rib-eye,, somewhat, (such, 340, above),, ~1/4-inch, option), turkey,, (diced, dulce, nonstick, light,, fine!), spanish, 15g, amaretto, bay",Heather Scott
45,37,MALE,90706,39362,sue chef,de,"delicata, 910, great!), interior, pieces), tiny-inch, store-bought, 140, (parmesan, fig, buttering, so), sage,, cream:, version), cup+, lightly-flavored, ribs, syrups...adapt, lima, hours, pints), skillet), softened,, barley, roast), shortening,, (healthy, shallots,, molasses, (long-leaf, crumbs), (very, 20-30, quinoa*, 12, eggs, lump, tortillas, choice, (this, cutter, daal,, (chopped), canaola, (tiny, sugars., curd, lentils),, sauce,",Walter Haecker
46,41,MALE,91744,46792,baker,de,"straight, (optional), silver, smith, small, tails, bellas,, (24-28, marmelade, (chevre), optional:, bleached, sugar),, onions, total, had"", grams), flour), (3.4, juice*, 14), (generous), shavings, omelette, seasoned, just, oreos, chips/, waxy, romaine), boneless,, eggplants), louisiana, out,, grainy), choosing), (vegetable, 14-ounce, peel,, pastry, fork, ""homemade"", (10-12, cardamom,, finely-ground, mind, meatloaf:, michter's), cans), size)",Ronnie Allen
47,40,MALE,10452,20606,sue chef,ka,"russets, in., stone, tablespoon,, chops), thin,, equiv., greek, tofu), spreadable, broccoli, (low, cacao),, recipe, pancakes, fennel, just-melted, plain, (sometimes, unsalted, buy, sirloin, can, (opt):, 14.5, water., coffee,, russets), durum, posole, turkish, red, (fajita, very, ricotta, (angle), (pimenton, below, rhodes), gala,, amount, crepes, biga, some, quart, (from, ciabatta,, moist, sprigs-worth), stellette",George Bartolet
48,40,FEMALE,10468,26852,sue chef,en,"0z., cover, instant), midway), croutons, drippings, (3.4, brand,, loaves., 140g, ones,, (9.9, limes), lb), whip,, naan, clove,, sugar),, gratin, egg,, tangy, 680, squashes,, orzo, marjoram, steam), cattle, 300, biscuits, place, to, slice, (sliced, casseroles,, packed), emmental, romanesco, had"", got., extract,, ingredients:, fingerlings,, alphabet, apricots, rotel, (such, they, chopped), time:, syrup,",Danuta Burger
49,39,MALE,77083,52931,candy maker,el,"12, look, {4, mellow, saltiness, oats), typically, (1/4-inch, oysters,, cut,, edamame, shoots, 3.75, barley,, (1/8-inch), leaves), suggestion), booster,, tomatoes**, goo, glaze,, flat, slices/slivers,, spray,, slight, blanched), canaola, portions, bouquet, shoot, crush, choosing), imitation, -, above), deciliters, separated), usually, marjoram, hazelnuts,, something, chanterelles, crystals, beer,, de-stemmed, amaranth, pepperoncinis,, (celeriac),, large), (above)",Martin Anderson
50,45,FEMALE,92683,49686,baker,it,"unsweetened, salt*, hickory-smoked, 340g, minched, phuang), foil, ""croutons"", pan-frying, ~3, putting, shells, peaches,, (inner, **slightly, (*see, standard, gave, taco, jamaica, fifteen, l, spicy), 460g, provolone, borlotti,or, (sesame, fish, topping), pan(s),, fennel, (evaporated, it),, madeleine, jack, kneading, (190, (roma), wheat,, iceberg, (.25, shallots,, freshest, radicchio,, pepper, de-veined, brands,, pinch, 135, cracked",Elease Powell
51,41,MALE,10467,29044,sue chef,gu,"pan(s),, frisee, (diagonally), stalks),, drizzling, jalapeno,, biscuit, (look, dipping, drained, (deseed, spices, amaretto, (butt), defrosted, 25-30, brand, arborio, sugar-mashed, madhava, pot, asiago, seeds*, spears,, alfalfa, while), prosciutto,, red, chilled, jar), wont, 1, serrano, assorted, krispies, loosely, sunchokes,, myer's, gerkins,, after, serves, radish,, mayonnnaise, be, (needs, shallots,, pioneer, (natural, milk), notes!)",Aaron Kempker
52,47,MALE,93065,72384,chef,in,"heirlooms, sauce:, broccoli,, salami,, (with, spicy;, (compressed), o.k., unsulphured, wilted, (, (plain), lacinato), gold), carrots,, oz, example, vera), pat-in-pan, –, caper, krachai, regular, spearmint, fresh, ghee,, tater, broth), soup:, 1.3, dutch-cocoa, till, lettuce,, puree,, do), lawry's, (juice, turkey), around, pattypan, pepitas, water*, 14.5, (turbinado), crystals, note:, thighs,, processor, apricots., butt"")",Leonard Gammon
53,41,MALE,92503,44829,chef,de,"combined, wedges, notes), (use, stock/broth, job)., shoyu,, whole-milk, florets,, (31/2, seedless, only, herb, spicy;, quarts), cracks), gem, flower, around?, unrisen, farmers', boxes, boil, when, roasts, (reg., so), overnight,, gems, shake, shredding), butter, sonoma, eggplant, pith, grams, wonton, fusilli, chips/chunks, plate, berries), fruit, spaghetti, ginger), (scraped, flesh,, shallots, butermilk, -sliced, (115",Thomas Britt
54,41,FEMALE,11234,51446,deli,in,"(make, sorrel,, 120, splashes, kiwi, plums, naughty), prefer),, bbq,, (little, ml.), hazelnuts,, together, combination, kick, pimentos, shell:, 1/6th-inch, towel, gallo, everything, rigate, clean,, 55, yogurt), 5oz, all,, (pref., day-old, (greek), source, made, chopped, (try, 180, country, (instructions, tahini,, (semi-pearled, (like, heads, kirsch, squash*,, cutter, lengths, 4-inch, ricemellow, total),, (31/2, strainer)",Catherine Hogan
55,35,MALE,11207,24163,candy maker,ka,"sodium, traditional, mandarin, .5oz/, oven, soft), (80, marinade., endive,, thinly,, non-stick, 1.5cm, squash),, flour,, (less, watercress, cilantro), dogs, 1+kg, bulgar, crumbles,, tequila, broth,, black, unskinned, lightly-flavored,, 105, unwaxed,, unseasoned, beer,, grind, skin-on, shaken, greens,, pancake, quick, havled, shallot, packages,, turmeric, hand, want!), gems, wraps, brazil, comparable, ozs., real,, navy, dime,",Hector Hesler
56,32,MALE,78572,23799,butcher,in,"chickpea-sized, i, heart,, noodles, save, confidence, almond-flavored, quickly, packed, chorizo), ""pico, haricot, fruit), etc.), molds, dough,, size), (~105, 1.3, (thai, tk, skin, dressing/marinade:, short, (compressed), covered, pea-like, turn, pepperoncinis,, pod,, working, herbs:, cottage, ounce), bite, louisiana, (125, tsp, bars,, /120, cucumbers, night, pieces), veg., leaves,, large, ribs), sprouted, 1-1/2, larger)",John Russell
57,39,MALE,10025,49733,candy maker,de,"whisk, gold), wash,, a-p, (100, figs, gummy, desired, _____, confectioner's, lb., mustards,, (granulated), cubes., browns, stir, leafy, i, ready-to-cook, allspice, pim's, cottage, stew, blackstrap, eggs,, sm-med, turnip, orecchiette,, (14, some, 8.5, (hs, with!, trading, eggs:, mirin, (thai, crackers, adiitional, 910, shallots), spices), cucumbers,, fluff), crumbs), overly, whipped,, pile, pea-like, nigari",Nathaniel Matheis
58,39,MALE,926,26306,baker,gu,"(made, shoots, cremini, low, 215, fronds, 680, golden., **slightly, romaine,, vinaigrette, nectar), oyster,, eggplant, marmalade, 1cm, are, pasta), 64, instant, porter, bean,, midway), chocolate), crosswise, leeks,, 55g, 12, 1/4+, 2, skinned, etc), cacao, oz/, peeler, head),, flavored, medium-length, filtered, cheddar-jack), pomegranate, 75, either, kisses,, rice, lemongrass, margarine, teriyaki,, colors, 6.5",Michael Newell
59,46,FEMALE,95076,45354,deli,it,"glaze:, pork, (divided), inches, organic), 1/4-, steaks, grapes, crackers,, (wheat-free, 5.5, moscato, hand), tots, 10, greek-style, slivers,, ricemellow, smoked, cracked, (semolina, deveined,, (before, smoke, tomato, green,, crumble, unrefrigerated, handful/scoop, combo, tamari,, combination), biscuits, herbs,, thermometer,, mayacoba, brown., sisters, (chiffonade), scallions,, drizzle., pieces,, linguini, so), basket, small/med, paste), handfuls, halves,, tef",Kathy Dennis
60,40,MALE,30349,39141,candy maker,it,"tbls, ceci, 1-2, prefer), taste,, frozen), skewered, mango,, leftover/pre-cooked, pistou, range, warmed,, taste, russets, san, florets, dry), non-flaky, flavoring, semolina, big,, scallions,, non-alkaline/non-dutched, crusts), cereal, bean,, 180, crust., reasonable, starchy, med., sprite,, sugar-mashed, apple, 370, t, thinly,, muhammara, size), (large, chanterelles,, (pinto,, 6.5+, chips/chunks, vitasoy, adult, coke,, (unsweetened), (instructions, pounds",Lewis Gill
61,37,MALE,91331,39225,butcher,gu,"walnuts,, 1//2-inch, (14.5), sprinkling, mix,, fat, (very, find),, double, strawberries,, want,, things, headnote!), rices, potatos,, tiny, puree*, velvet, padano, crust"", choice., 454, 1.75, squash),, boiled, feta,, 225g, bags, chopped, chickpeas), medium),, noodle, whipped, sorts, bananas), (basil, (1-2, chips/, size, sald, sauce:, quartered), thick), off,, semisweet, diameter, (1, -sliced, cremini, clay",Leonard Willis
62,41,FEMALE,92509,45995,candy maker,el,"slather:, separate, (bamboo, getting, usually, other, pressed, tails, (medium, refrigerate, granola, photo),, jewel,, (any, bay, temp,, tins, water-packed, cajun, asian, quinoa, (number, pith, 800g, m's,, (crisco,, (parmesan, (lightly, sheet, them, cranberry,, yogurt, croutons, nicely), chunk, margarine, tallegio, jelly,, pepper), (roughly, beer,, block, oat, sweetness., 6+, good!), eyes, (5, sprigs, day-old,",Anita Allen
63,35,MALE,11207,24163,butcher,in,"tomatoes,, pepper., gems, glug, serve, sake, (groats), dressing:, indian-style, (enough, chuck, wilted, ""beef, (garbanzo, patties,, menthe, bought, fuzzy, chicken), centimeters, 400, approx), weed, tart, abuelita, drained/rinsed, (juice, 5), (monterey, taste., chocolate,, juiced, dash, 170, (crisco,, sifted, unpeeled, (for, pencil-thin, flower, spears,, cup/, stock), 400g, fire-roasted, (quantities, (70%, real-deal,, 4.25, savoiardi",John Hinman
64,45,FEMALE,93550,37484,butcher,gu,"self-rising, optional**, reds, cucumber, segements, lollipop, honey,, noodles, isn't, (75g), assembling, mayo,, sauce*, cutter, magazine, patties,, serrano), (i.e., (tiny, recipes., muffin/cupcake, fruit,, alternatives), cane), powder/granulates, once, _____, (cavitappi,, scan, silpats,, extra-ripe,, apple, strips,, marjoram, white), jacob's, nectarines., move, veg:, skins, gray, (13, tin, natural, burner, thinning, crusty, bowtie, (30, mashed",Laura Fowler
65,32,FEMALE,77494,86488,candy maker,it,"choosing:, 5, provence, temperature,, american,, (quantities, ok), plums,, interior, blue, icing, sweetness., last, additions:, pico, breakfast, loosely, salty,, prepared, amounts, sprouted, 225, (deseed, slicing, strained, micro, variations:, shredded), source, (hs:, whip,, oil:, smith, sausage,, great-tasting, inch, yukon, grainy), wash,, blanched), (orecchiette,, (oats, glugs, works,, gruyere), stemmed,, 240, (bamboo, seaweed), sweetened,",Crystal Kriese
66,37,MALE,11206,18661,baker,it,"icing, here), combinations, substitute, orgnic, burgundy, orange,, 1/8ths, aniseed,, fajita, covered, case, foods, tips, short-grain, finn, all-natural, mine, method), muscovado, plus, (120g), rotel, smaller), cheddar, elbow, cattle, shells,, husked, notch, tuscan, dijon, velvet, macadamia, thickness, (two, unbaked, chickpeas), mixture, thirds, mexican, (drained), pimentoes,, seaweed, skillet, oranges, seaweed), separated, solid, those,",Steven Cartagena
67,44,FEMALE,95076,45354,candy maker,de,"diced., agave, (cut, couldn't, 8, good-tasting, mini, trimmed, shreds, {4, coconut, purple, temperature*, pods, russets, an, pieces), third, gumbo, all-purpose), asafetida,, 10.5, decoration, cloves,, strip, zucchini,, immediately,, number, cheez, 7-up,, 16, cavitappi), dates, counter, yeast, romano,, handful), so), couscous*, (light, smith, chiles, (optional, bring, it), diameter, m's,, flavor, rinsed, (enough",Patricia Bodrey
68,40,MALE,79936,42857,baker,el,"saltines,, need, (40°f), with!, starch, scrubbed,, desired), 8-ounce, rice, american,, mustards,, abuelita, 14.5, brush, hanout, 1-inch, (low, 9), soba, chile), fritos, marsala, (100, chile,, jalapenos, apples, unrisen, butermilk, oil,, melon), sausage,, lemon,, rhodes), spice!), ribs), lollipop, sugar,, roast,, scallops, vinaigrette),, (canned, tequila, pre-soaked, maple, stalks, over, like., gummy, prunes, degrees",Billy Dubie
69,38,MALE,93550,37484,pastry,ka,"slices/chunks, non-alkaline/non-dutched, farmhouse, hours, pimentos), balls, season, removed, gerkins,, desired.), hanout, shiitake, (arugula), pastry:, rigatoni, superfine, vinegar), corn, stick, (plus, ingredients:, so, tsp, like,, fruit,, rounds, edible, crumbles,, (additional), (.03, tuna, mascarpone, scones, sunspire, 225g, jars, wash, second, alt.), garam, prunes, -purpose, 185, segements, 113, grapefruit, seed,, melon, (non-dutched), cloves,",Bernard Bethel
70,36,FEMALE,79912,48627,pastry,in,"skim, large-flake, oregano,, cheddar,, 4-6, round), togarashi, mashed,, perfect,, shortcake., linguine, wide, 4-cheese, root, an, sweetened,, cultured, unrisen, (i've, broth), pan-frying, lettuce, equivalent), sald, gruyere, tip,, dutched, ex:, apricots., sauce*, dijon,, whatever, romaine, basil,, (round, whisked, cornstarch, 1//2-inch, florets),, t, crusts), it's, ground,, (opt):, so), intact, and/or, finishing, (heaping), cauliflower,",Gabriela Martinez
71,38,FEMALE,11230,32327,butcher,ka,"215, round, (hs:, kirsch, vegetables, toss,, celery,, 170, bagel), spread., refried, daniels, sunspire, chopped*, glaze,, cake, (lightly, sauce*, discarded,, 4-ounce, grapes,, 425f, cotija, 225g, condiments, dark, kg*, shallots, parm,, rosewater,, (190, risotto., (serrano), seed, empire,, prob., especially, tablespoons,, finely, (half-and-half, marshmallows, harissa,, blends., weight, shells, pizza:, cans), spearmint, olive,, (25g)",Pa Irwin
72,44,FEMALE,10453,21109,butcher,gu,"wafers:, madhava, stick,, (salted, -sliced, adiitional, bags), tortilla,, melting, pepperoncini, brand,, canela, 3-1/2, slices/chunks, 70%, night, flakes,, need, leaves),, (masoor, thighs,, (175, margarine, passing, skin-on, red-pepper, (particularly, sorts, needed:, yellow, (200g), peeled,, ibarra, cashew, (above), mixing, candied, fixins, finn, mixture:, nibs, crustier, tallegio, (optional;, iron,, ""homemade"", kick, simply, photo),, one)",Maria Mitchell
73,44,MALE,92683,49686,baker,de,"(sometimes, guacamole, 10, poached, cans), oil), organic,, bags, stalks, pork,, sweetness., paste, duncan, filled, seasonings, savory, rectangular, tacos, hard-boiled, 1+kg, on,, raisins,, 3/4, 125g, chicken,, pictures, abuelita, drain, mints, job)., corkscrew, 0.25, nori,, them, thighs),, dry-roasted, serranos), kosher), lengthwise,, serve:, melting, fusili,, ponzo, 1.5+, panko, aside, awase, dal), back, med-hot",Brian Vil
74,36,FEMALE,75070,84847,candy maker,ka,"packaged, season,, bottle), 7-ounce, fine-grain, whole-wheat, 295, (chives, (above), time, choice., choice, thick), saute, penne,, touch), market, ounces, headnotes),, non-aluminum, thirds, cilantro), herbs), saucepan, whirl, (18.5, fire-roasted), olives, blackstrap, version, (juice, aged, garbanzos,, frozen), eggs:, (dried, stores), (optional), spreadable, kisses,, (fettuccine,, off,, note:, stick), cream,, 1+, liters, (1cm), cob), 3.5",Alexis Mccoy
75,37,MALE,78577,24216,sue chef,de,"haricots, different, oat, vinegar), cranberries,, sweeteners, toast,, ounce, serrano,, watercress,, sturdy, (red), -3, (heaping), still, blend), dehydrated, ozs), curd, pounds, ricotta, kosher), (horapaa), puree*, 680g, eggplants, buns, brocolli,, whisk, (half-and-half, cultured, 453, (thin), 1/4-inch-thick, plums,, (of, prosciutto,, sour, shallots), butter., melted,, cheddar, ideas:, ardrahan, broth,, (low-fat, vinaigrette, /, 25g, chickpeas)",Raymond Hsu
76,38,MALE,93722,43256,butcher,gu,"powdered, extra-virgin, (11-ounce, thick,, hamburger, (organic), crème, couscous*, (you, oversalt!), consomme, dry,, peeled,, pencil, spicy!), (opt.), leaf, photo),, orgnic, (cut, bet, jullienned, tri-color, muscavado, gin, garbanzo, fine), be, middle, paper, punctuating, 295, guacamole,, shrimp,, handfuls), carob, boneless, heather, (additional,, hazelnuts, dagoba), the, galahad, cayenne), pure, rigatoni,, lemongrass, bark, they, (125",Jeremy Chambers
77,44,MALE,37211,37141,deli,gu,"pan(s),, fresco,, was, removed, optional, let, 12g, 1cm, preferred, sliced*, o.k., photo, mayo, pound)., strainer, -sliced, balls, ranch, sauteed, (extra),, finely, alternately,, discs, (medium), light,, parm,, three, approx., b), /250, florets,, artichokes,, blackberries,, (yukon, reds, capacity, sweetened), paste*, example, marbled, beans), dehydrated, bean,, sesame-yogurt, taste,, starting, unpeeled, container!), walnut, goes",Frank Sears
78,45,MALE,92345,41423,chef,gu,"(.03, (coriander), been, cayenne, glug, count, flax, dressing, (be, total), round, 45, grained, 560, many, savoiardi, bhutanese, urid, cola, (round, icing:, condiments, 20, seasonings, 1/4, adjustments, ricemellow, pan-fried), pesto:, mustard,, 1/8-inch, (version, yogurt, tamarind, crust,, (11, unseasoned, skinless,, both, 1.5+, well-chopped, crumbs,, (cheddar, preference., dressing:, (10-15, crystalized, morning), want, crepes",Fredrick Breeden
79,39,MALE,90805,32565,butcher,en,"stuffed, halved, v., ponzo, handful/scoop, variety), alfalfa, de, crown,, degree, kahlua,, indian, fusilli,, but, cheddar/jack), ounces), lots., colorful,, meatloaf:, mild), fixins, much, parmigiano-reggiano,, example, lolipop, spicier, grits, one, mayonnaise, golden, nachos, breasts, chunky, 170, hearts, one,, meal, directions), 2.5, 1-1/2, (pimenton, chickpea, aromatic, chili),, manchego, toss, adapted, spread:, gouda, bag)",Billy Dollyhigh
80,37,MALE,30044,60427,chef,el,"melissa's, skillet, (sleeves), spaghetti, rinse, oat, tempeh,, covered, brown-rice, (hs, thicker, create, shelled,, adult, (equivalent, pepitas, fryer), matchsticks, good-quality, barley,, lobbed, length, shucked, virgin, mango,, tortelli, brown), type), real,, poppy,, limes), raw, t., cacao, fillets, desert, ok, gouda, hershey's, limoncello,, going, just, 200g, wedges., bottle, butternut,, flowers),, dill, i.e., muenster)",Charles Chambers
81,39,MALE,92804,41887,deli,el,"romaine,, paprika,, pebble, curried, 150ml, (a, (healthy, moisture, beef), (beef,, trimmed, run, toast,, 1.5cm, cm), t, now, (serrano),, pudding, oil., brought, brewed, that., edamame, inch,, salt;, edges., photo), steaks,, directions), 20, quinoa), crostini:, (1/8-inch), warm, caesar, mine, skip, brown-rice, slivers,, something, spelt, see-though, galahad, cool, using, pre-cut, 1/3c.-1/2c., dot, toffee",Max Brown
82,38,FEMALE,92345,41423,butcher,in,"(can, ever, ~1/2, pure,, micro, silken, nonstick, cups), vermouth, dash, pioneer, crabmeat, wrinkly,, hash, likely, (optional)**,, cracker), slices, cauliflower,, removed, a-p, roasted,, /55g, (by, summer,, caramels,, jar), ok), vinaigrette***, stock, glaze, discarded,, hand), meltable, example, buttering, taste, coloring, potatoes,, shichimi, might, finely-ground, kirsch, tart., limoncello, slather:, strainer), imitation, 4-5-inch, dumplings:",Pamela Tuttle
83,41,MALE,90650,46012,chef,gu,"lines, peanut, crumb, (horapaa), amaretto, bananas), plumped, want!), that, 3-inch, (storebought, (regular,, broccoli,, adiitional, diced., stems, fancy, packages), diagonal, marbled, flowers),, choice),, fettuccine, dried), peppercorns), muscovado), smashed, chunky, 400˚f., (175, pw:, flageolet, creme, chilies,, sauce., olives,, lentils),, oats, skin-on, crumbs*, bottle), 28), crabmeat, nonalkalized, chestnut, soaker, salted, almonds),, superfine, pears",Lynn Miller
84,45,MALE,10452,20606,candy maker,in,"crepes, baking, gave, leaves,, real, chanterelles, semi-sweet), coating,, breasts, pieces,, cups), knox, wing, nutmeg, rub, timbale, lightly-flavored, thighs),, quite, crimp, gutted, (vanilla, semi-pearled, eyes, milled, drain, glug, packages,, gems, biscuit, pin, spray,, bit,, broken, 5-7, crumbs), -5, sage,, together)., possible, containers, legs, top, (non-dutched), works,, mayacoba, (.44, (5.3, temperature(!), brew",Micheal Rosecrans
85,39,FEMALE,28269,61899,pastry,ka,"aged, (5, (yes,, big), leaves), dot, agave, vintage, prosciutto, burgundy,, cup, tried, rolling, lbs.), slight, sensitive, 14-ounce, 1½, g,, rigatoni,, 1/4-1/2, sweetened, (superfine), herbs,, cab,, loaves, vegetables., the, (totally, pans., (chives, (crusty),, (may, like,, splash, (200, navy, gruyere,, powder), oz, (quantities, steak, crisco, sweeten, (12, husked, 2.75, juice), (8-inches), fillets",Julia Klein
86,37,MALE,77584,70113,pastry,el,"flax, turbinado, measuring, bamboo, 7, in, vert,, french, serving),, pounded, 125, nonstick, zucchini,, chuck, 50, individual, you'll, whites, brought, approx., version), light,, onion, stems,, chile), unsifted, confectioners', extra-ripe,, huckleberries, relish, grade, slices/chunks, run, cm, taste),, 680, expose, real-deal,, cashews, coated., nicely), spices:, hours., above:, broken, bagel, almond-flavored, (1, crusts), spinach",Thomas Soto
87,38,MALE,77036,26931,sue chef,de,"(10-15, yolks), casseroles,, just, cup), gala,, mountain, stew, doesn't, granny, marzano), 9), least, fruit,, recipe), amaretto, cup/, whole,, skip, chestnut, buns., plenty, mild), stiff, candies, fleur, tablespoons), tablespoons+, unflavored, (21, flour, clove, (5, health, split, bone-in,, skillet), rinsed, (4-inch), (good, 105, table., them, pineapple, (low-fat, charms:, bags, thighs, seedless, chopping",Bernard Mcgee
88,36,FEMALE,77584,70113,deli,gu,"ganache, tip,, 1-ounce, handful/scoop, dough, pan(s),, filet), vitasoy, 75, dates,, quite, fusilli,, fraîche, pears, thinly,, preheat, 22, thin), radish,, mix,, grained, (non-dutched), need:, makes, brown-sugar, heirlooms, do, crust,, middle:, nutmeg, oiling, thick-sliced, bison,, want!), note), medium), minutes, 30g, squash*, black, shoots,, crackers*, pounds), needed), (long-leaf, elbows, cream), shrimp,, skillet:, bar,",Loretta Mcgloster
89,39,MALE,11373,38151,butcher,ka,"(heidi, rack, kirsch), oregano, puffy, #2, fresh,, coarsely, (ikea, warmed,, avocados,, (melt, o.k., gloves,, high-gluten,, marjoram, crackers*, olive,, times,, peppermints, butt, potsticker, gently, kabobs, counter, heat), 200, shelled,, 130, following:, bean, 1/2-inch, ritz, crumble, /70, tabasco, skewered, corkscrew, peas*, wash,, strawberry, (additional,, tenderloins, zest, hearts,, (6, 24, pancetta, 140, skillet:",Marvin Johnson
90,43,MALE,92154,42970,chef,el,"full, tef, fried, 1, (turbinado), trim, (crusty),, pull, -3, i.e., (seasoned, vera), pat, wing, just-melted, gem, broccoli, so,, juicy,, ones, 55g, tenderized, 2-4, additions:, canadian, roasts, berries, (125, photo),, spicy!), kidney,, gluten-sensitive), food, dyes, smith, a, (3.4, (cavitappi,, gratin, russet, mint, (rounded), 20, starchy, (juice, amounts, extract,, dry), (40°f), cilantro/coriander,",Javier Stanton
91,39,MALE,11355,36973,deli,gu,"spreadable, again, /chickpea, tiny, mushrooms,, many, guacamole:, zucchini),, 14, equal-sized, asparagus,, 10.5, anyone, lasagna, aisle), handfuls),, (white/black, spice!), -medium, schnaaps, almond, recipes., anejo, (small, aluminum-free, meatballs:, pods,, between, kneading, i.e., bunches, mystery, salt., pluots,, rhubarb, sumac, lamb's, bagel, cheddar, summer, farfalle, rib), do!), done,, inch, flower, assemble:, grind), pico, different",Dewitt Viles
92,28,FEMALE,11234,51446,baker,gu,"choosing:, thighs),, (heidi, ozs), kisses,, tasty, powder/granulates, like), squares), gold), 1/6, almond-flavored, german, potatos,, kaiser, organic), large), crust, alphabet, skillet, plump, old, cornmeal, rosemary, anything, 385, less), diced/shredded, icing:, (equivalent, thick,, noodle, flavored, sugars., chocolate), raddiccio,, dry, chopped,, slivers,, cumin), dusting, squeezing, mayonnaise, rice), bagels, reinhart's, jalapenos,, salad:, oil-cured, hard",Christine Gholston
93,40,MALE,92336,55340,candy maker,ka,"pinenuts,, around?, puree), place, louisiana, pecans, porcelain, (corona,, degrees., lettuce, blend:, nuts,, provolone, anise, leaves/stems,, medium-grained, salt, farro,, consomme, substitute), fava,, pumpkin,, pieces), sifted,, roughly, combination), moons, (crisco), that's, texas, anyone, cranberries,, lump-free, mint,, quarts), (scharffen, too,, segment, 55, 227, whiskey, range, mayacoba, chipotle-tomato, white, fusilli,, stinging, blender;, overly, curry",Reginald Galvin
94,41,FEMALE,91710,55185,candy maker,it,"180, brisket,, dressings, shrimp,, am, looking, me:, (scraped, discard, (before, (allow, medium-sized, nicely., stalks,, shells), wont, 40, (one, (, mix:, cooked,, broccoli), dutched, see, urid, combination), shrimp, woman's, degrees, husks, litres, sesame,, unpeeled, (store, (light, salty, flageolet, note), cognac,, ml, mins,, large-grain, (3.8, o.k., 255, grapefruit, with:, millet, cm), (other",Nicole Bello
95,38,MALE,11368,34746,candy maker,en,"choulula), cranberry, garnish, option, dishes, borlotti), pie,, (generous), size), beef), herbs:, pastina), (crisco,, carob, caster, extra-firm, four, (14, grape, thin(regular), canes,, (a, different, (2-3, version), 6-8, indian-style, allspice, with!, corn,, round), milled, cookies:, heaping, (granulated), rub, broccoli), season,, ounces,, sprigs,, spices,, 80ml, eggplant, looking, (hs, me:, 5, (fragrant), liking!, panko",Mark Burrell
96,40,MALE,37211,37141,candy maker,en,"pickles), quarts, crystallized, brushing, fennel,, most, lumps, lamb's, tempered, broiler, doughnuts, grinder,, olive,, active,, pomegranate,, ginger), equivalent), (moroccan,, mashed, breasts,, &amp;, his, tbls, (80, 280, olives, whatever, seeds), market, possible, melon, potatoes,, ziti, below,, florets,, canola, fluff, works, ears, raisins,, shredding), rim,, red, blend*, discarded, (stuffed, dente, (.11, muscovado,, tasting",Charles Cross
97,43,MALE,91342,48744,chef,ka,"50g, extra-virgin, millet, sweet/spicy, towel, with:, total),, removes,, (18.25, (scant, unsulfured, garnish,, bean,, 3+, looking, (any, finish, tempered, dill, spice!), tub, combined, had, prefer, crackers), sweeteners,, mirin, where, plenty!), gelatin, that's, balls, vinaigrette, sesame, equivalent)., orzo,, (13, pak, degree, sheet, ripe,, (, bunch,, nonfat, saucy, preferred), sirloin, your, miso, pinenuts,",Stephen Grimm
98,44,FEMALE,77584,70113,sue chef,gu,"velvet, 1.5+, extract, (scharffen, /100, crostini, tartar, frosting, 1-ounce, around?, savory, chocolate, button, (from, (wash, shallots), 120, medium, bean,, fronds, them., sour, (fettuccine,, ends, spaghetti, soba, dipping, pesto:, (corona,, notes, 25g, toasted,, (14, binding, souffle, portobello, crepes,, (9.9, pan(s),, raspberries, (arugula), sel, chopped), shortening), grain/sushi, oz),, chop), (hs, suspect, (unsweetened)",Jessica Monk
99,38,FEMALE,77084,53075,candy maker,in,"rice-sized, salt., sage,, deep., (cheddar, teriyaki, length-wise,, flour,, tartar, overnight,, does, (without, choice:, cubed, radishes, total), pat-in-pan, pepitas, (superfine), goo, chilies,, stem, limoncello,, pistachios,, pea, raisins), flavorings), pitted., (1-2, rigatoni, thyme, arugula-shallot, (crunch/chunky, unflavored, oreos, thinned, stores.), pasta., tortillas, 140, verbena, (packed), brew, (mache), adiitional, sm-med, (14.5), 1-ounce, solid, tin",Linda Riley
100,36,FEMALE,30043,71424,sue chef,it,"against, till, dough:, (100g), serrano,, point,, (can, breast,, ganache, artificial, nigari, coke, (soft, substitute, temperature(!), slightly, lot's, fiorelli, 100, flavorings), (particularly, knob, cloves, type, portobellos, adiitional, seconds, hands, (10-12, should, sage, peppercorns), cubed, dipping, discarded,, nonalkalized, prettier, bleached, spicier, crème, head),, broth,, /380, pasta., (70%, potato, sweeteners, sifted, saucy, third.",Mary Martin
101,44,FEMALE,90280,35744,candy maker,in,"(reserve, heat,, wedge, (wild), sauce, bottled, (optional),, tablespoons, mine, coconut,, grapefruit, heated, buns, peaks, 7-ounce, cayenne, golds,, un-peeled,, cloves), curls, dozen, de, farro, -, shredded), clean,, table., rinsed, chopped/shredded, 160g, rose, cucumbers,, mellow, nero, pimentos), whisk, teaspoons+, matchsticks, (organic), (depending, fillets, dehydrated, tbls, cheese, first),, real-deal,, rice*, o.k., celery,, wrappers",Erin Miller
102,39,MALE,10467,29044,sue chef,gu,"black, easter, well-strained,, rosewater,, cremini, golds,, feta,, confectioner's, pasta), one-half, tarragon,, cacao),, choosing:, low-fat, romanesco, (other, aisle), yellow,, charlotte, meat:, oreos, seitan,, wash, pumpkin, (21-26, (~3),, semi-sweet), several, necessary, skin, marcona, (thin), machine, 1/4-inch-thick, queso, counter, aside, pepitas, (warm), well,, ro-tel, additional, basic, separate, cane), orange-fleshed, roses, lot's, strings:, baguette",Leonard Jones
103,38,MALE,78577,24216,butcher,gu,"tasting, ribs), now, of, combination), diameter, recipes, (31/2, (40°f), tenderized), bleached, can, dipping, prosciutto, skillet,, chopsticks, (store, soft-rind,, beans),, g),, 7.5, oversalt), (1.2, carrot,, assembling, jars, potatos,, berries),, flour), plenty!), (half-and-half, tofu), coating:, but, soaked, rib, 1arborio, boxes, florets),, tomatoes),, cilantro), beer, grapes,, alkalized, strips,, pan-fried), each,, feeling, powder/granulates, (additional),",Robert Gustason
104,37,FEMALE,91706,41621,deli,en,"halved,, gravy, puffed, (62%, min, oreo, mist, 1/8-inch, unbleached, sized, banana, pounds), packed), segment, rose, squeezing, pinches, cheese), lb, fl, flavorings), (do, 1-3/4, pepperoncini, berries, ever, asparagus, minute, (regular,, seaweed), basil,, aniseed,, flavoring, point,, wedges,, (baker's), bias, tablespoon), ibarra, asparagus,, (vanilla, like,, (replace, muscavado, kernels:, sodium), pan,, shake, day-old,, (natural",Patricia Standish
105,39,MALE,91706,41621,chef,ka,"sprite,, packages, shelled, sorrel,, stretching., part), passing, kabobs, eggplant,, cloves), quartered, bush’s, seed,, bone-in, small), 1/4-, said, 4-5, cooking., thyme., teaspoons), pearl, slider, flavor(s), (1, notes!), soaker, raisins, heavy, real, puree), (greek), meatballs), membranes, bamboo, following, depend, (be, thinly, them., sized), pencil, homemade), rib), cup), (400g), spray,, -medium, drizzle,, (wedge)",Daniel Niehaus
106,44,FEMALE,93550,37484,deli,de,"teaspoon, serving, doughnuts, first, head, provolone, verbena, (deseed, do, cans), 1.2, yukon, (scallions), sugar), mellow, stock, am, to, black-eyed, heat), 285, malted, fourths, finish:, flakes, roll, lump-free, spicy;, like,, eggplants), generous, all, peppers), see, cane, thighs, bought, whole-milk, grained, (ditto!), oil),, meal, condensed, sheets;, cooking), (bite-sized, bhutanese, buttermilk, 2.25, germ)",Theo Perez
107,45,MALE,60625,40083,deli,in,"using, let, threads, packages,, heat,, litres, bags, handfuls),, (31/2, grits, salt, dollops, cellophane, slotted, 600g, pre-cook, jumbo, above),, ~1/4, garnish:, brisket,, i, separated), relish, substitute, ibarra, cream:, (particularly, reds, soft), chunk, find, couscous*, chopped/shredded, anything, quinoa), (baby), (frank's,, 28-ounce, needles), drippings, (28, something, light,, marsala, sugar),, sauce), scissors, ree's, rind,",Johnny King
108,37,MALE,926,26306,deli,it,"_____, hazelnuts, evaporated, elderberry, pancakes, pearled, regular-sized, tomatoes), (14, vinaigrette***, gold,, (approximately, (thin), all, coke,, goat, canola, iron,, vinegar, chicken, (low-fat, twice, steak, brushed, 1-pound, spears, scallops, grinder), puree), ounces,, immediately,, bone-in,, plate,, eggs, leaves), ranch, parts), drained/rinsed, (blackstrap), 425f, med-high, mustard, thickly, shortribs, baking, play, ~1/4, (heidi:, nibs, oil-cured",Matthew Davis
109,46,MALE,28269,61899,baker,gu,"mozzarella, small), runny, thick,, guide, 32, lilikoi, very,, mini, pearled, sandwich, blackberries, peeled, tequila, fine),, yogurt), count, saucepan, under, equal, bacon-cheese, mild-flavored, quarts, lobbed, (milder), aromatic, o.k., pound),, cran-raisins, abuelita, huckleberries, pit, (1/4-inch, hershey's), risotto., chewy, pw:, aisle), add-ins:, dutch-cocoa, whisk, cattle, hoisin, russets,, especially, 3), membrane, 1.6, sparkling, zucchini",Matthew Jones
110,37,FEMALE,926,26306,chef,en,"ham,, crumbled, lime, ""tenders"", ""pico, pimentoes,, (may, do!), cocoa, fennel,, 55%, gloves,, coloring, skillet), louisiana, tablespoon,, gave, cup, (.14, sweet/spicy, teaspoons), balls, (1.8, peaches, unpeeled,, 2-3, (needs, coating:, barbecue, available),, nero, (basil, morning), peas, marinade:, pure,, broccolini,, almond-flavored, thinned, pineapple, thin,, stalks,, lots., grinder,, miniature, (sleeves), 10g, shoyu, (decorator's, tails",Valerie Nicholson
111,30,MALE,92704,49923,deli,it,"lebanese, 12, buckwheat, crumbed, drained, all-purpose), (low-fat, cabbage,, ok, dr, all,, much, (again,, individual, cloves), lump-free, tortilla,, chives,, needed,, cooked,, 560, job)., heart,, toffee, artichoke, elbow, slider, pineapple), rounds, steakhouse, pinches, (optional,, blender, 15g, ml), apple,, elderberry, splinters, pat-in-pan, seed, gigantes,, ounch), half-and-half,, angle, (150g), first, sticks,, 225, ro-tel, pistachios",William Bird
112,42,FEMALE,78572,23799,deli,ka,"mexican, cocktail, generous, bite, reserved, whole-milk, kabocha, 2.25, (optional)*, (replace, potsticker, (groats), cool, combined, drizzle., cups, dutch, freshly, topping, she's, ml.), tri-color, sir, 6, cheese,, yolks,, bran, iron,, (room, caraway,, worms, fruit,, butt, washed, boil, fried, buttered,, flowers),, olive, (white, (substitute, raw,, arborio, distilled, cheese., segements, oranges), 11, garnish,, equivalent)",Ashley Mannella
113,41,FEMALE,10467,29044,butcher,en,"undrained, (and, sifted, krusteaz, can,, tortillas:, figs,, 6.75, oreo, makisu, (diagonally), cilantro,, blossom, (3.4, mustard), seconds,, halved,, dark!), directions), liters, pistou, sauce), hominy, slivered, skin-on, (horapaa), frisee, sunspire, nicely), cherries,, firmly, nuts,, acorn,, perfect, de-stemmed,, chives/, honey, vegetable, rib), photo):, rubbing, (or,, greek), v., parts, 12, 250, wide, choosing:, grams",Veronica Lockwood
114,41,FEMALE,11212,20839,pastry,it,"technique., around, tenderized), no, blend, (may, 454, (wash, (version, pico, weed, 70%, harissa,, (175, juicy,, vinaigrette, 380, large-flake, sound, flavor(s), skip, prosciutto,, thighs,, rhubarb, seconds,, stuck, cucumber, 1/4, variety,, something, cheddar-jack), lots., coloring, dal), (non-dutched), 2, ricotta-stuffed, lean, (to, 9.7-ounce, gruyere,, rolls,, leftover/pre-cooked, the, zucchini), beer, stracchino,, zested, leche, green,",Madeline Major
115,38,FEMALE,92345,41423,candy maker,in,"gallo,, 2, middle, halves, (21-26, regularly, mashed,, short, 115f), blackberries, deli, unprepared, cupcakes., sauce:, heads, salad:, (crisco), (cooked, rice, ahead, shortening, carrot,, fluff, (penne, see, this, large-flake, limes,, (lots!), angel, yogurt), leche, shelled, pepitas,, velvet, equivalent)., chives/, more, crostini:, cherries:, full,, beans,, 1/2-inch, 155, (compressed), dutch, chiffonade, flavor(s), desert, (serrano),",Birdie Daws
116,35,FEMALE,92336,55340,candy maker,en,"tablespoons), gravy, pepitas), can), husk), pea, 240, noodles, mango,, shallot, al, 1/4+, flour, tef, (mine, tops, chocolate), ¼, shallots, bittersweet, (100, rim, top,, all-purposed, good,, thinned, machine, kernels:, phuang), chickpea-sized, marinade/sauce, small, ripe,, 1/4-inch, cocktail, food, piece, marinated, almonds),, broth), (2-3, individual, ricotta-stuffed, my, brown), them, blend*, raw,, elbows, asiago",Stephanie Carlton
117,35,FEMALE,93550,37484,sue chef,gu,"chile), yeast,, necessary, 5-, ideally, (large), coconut, 6.5, hard,, banana, cored, smoked, shell:, pimentos,, 48, (corona,, post), norther, raw,, pumpkin,, (fig,, port, (salted), globe, prunes, 56, 4-cheese, 85, thawed, separate, numi, herbs, roasted,, shiitake, chops), you), are, dot, miracle, old-fashioned, cilantro/coriander,, crust:, zucchini), fuzzy, wooden, 185, oranges,, bouillon,, generously,, well-crumbled",Nicole Jones
118,35,FEMALE,11377,37360,candy maker,de,"coarse, morning., g), rounds, (yellow, new, pluck, 250g, brand, (yellow), putting, mustard, eggplants), cups),, mixture, tea, usually, play, 20-lb., champagne, pan-fried, split, (chiffonade), (corona,, (fettuccine,, (coarse), kalamata, make, come, 200, 4), slotted, like, garnish,, triple, (31/2, alternative:, been, fava, country, cookies, m&amp;m's,, (like, pepper, (for, (large, tuna, (pepitas),, fettucine-style, 1/4-inch-thick",Joyce Arnold
119,31,MALE,77083,52931,baker,in,"bucati,, tacos, stew, tropical, extract), 2/3-inch, liking!, (non-dutched), roll, plenty, serving),, small), while), garbanzo, 15, curried, juicy,, (baker's), only, boil., broccolini),, farro*, strips,, eggplants, dollop, usually, tend, trees, squares), flakes,, fruits,, pw:, chii, package), chex, refried, fully, peeler, (feel, greek, cocktail, apricots., flavorganics, cattle, rub, nutritious), (milder), great, flat, doughnuts",Jim Thompson
120,39,MALE,91709,78336,butcher,gu,"no-sodium), several, tenderized), ciabatta,, silpats,, bars,, health, minched, brown, apple), seasonings), well-pureed, rinsed,, taste), sunchokes,, (dried, type), curls, pan), kale),, time:, cranberry,, berries,, (serrano), handy, mayonnaise, cooked, wedges, oily, garbanzo, onions,, both!), oz.}, line, haricots, melting, lundberg's), stuffed, prob., 453, fine), juice*, optional, cheddar/jack, (homemade, dough., 3+, cored, bibb, suggestion)",Mark Bennett
121,42,MALE,92683,49686,baker,el,"medium),, necessary, 15-ounce, cilantro(or, cubed, possible, summer,, shoots,, removed,, yogurt,, hazelnuts,, heat,, tuck, fold, (additional), runny, sushi, mostaciolli,, ounce, cornbread,, candied, wrappers,, flaked, raviolis, smallish, dill),, fettuccine,, portions, dates, least, dente,, iron,, quite, bits:, rolled, 3/4, (coriander), artisan, 130, shell, sweetened, kg*, fried, coating,, equivalent), butter*, 1/4-inch, glaze:, pastry:, tips",Christopher Harris
122,47,MALE,10462,33735,pastry,it,"(thai, half-and-half, parmesan,, i'd, melts, 13, julienne, flaky, crustless, gnocchi,, 3.5-ounce, still, prefer),, caesar, rinsed, just-melted, sherry, while), segments,, carrot, (2t., green, few, halves, (round, hard, miso, removed),, (1-2, medium), corn, pork, oreos, sausage, soft-rind,, jar), garbanzos,, dill),, lemon, wafers:, roasts, black,, cornbread,, fin,, (leaves, are, (""pork, dutch, nori, sprig",Jerry Ross
123,37,FEMALE,75217,31532,candy maker,ka,"56, about, parts, 750, squeezing, etc),, low), mint,, sauce,, overhanging, palm, skin-on, spaghetti,, pre-soaked, litres, separated, tuck, (whole, gave, yogurt), peach, such, 4x., wholesome, egg, alternately, 8., powder*, thirds), oil*, 2t, raw,, 453, extra-ripe,, dry, coins, rosewater,, will, (opt), natural), file', vegetable, 100, marshmallow, duncan, (red,, freeze, (but, tsp.), above).",Sandra Garcia
124,44,FEMALE,91342,48744,deli,el,"tub, bocconcini,, rhodes), actually, (chocolate, broccolini,, legs), perfect, breast), acorn,, 180, reds, ""best, paneer,, second, finishing, handy, (fragrant), (thai, fuji, low, drizzle, moving., pesto, base), farang, muhammara, muenster), (sesame, -2, example:, eyed, onto, (moroccan,, splash, bite-sized, crumbs*, gruyere,, icing:, (coarse), pints, scissors, verbena, you, (cooked, (little, meat, bread,, ~1/4, just",Janice Mcvay
125,30,MALE,90255,30375,deli,it,"g),, rustic, liquor, sake, bean, mat), chewy, soda, at, figs,, tangy, dew, onion,, golden., you), condensed, should, rinsed), blend*, meatloaf:, mustard, tablespoons), nectar,, 450g),, asafetida,, a-p, powder*, vine, jamaica, 115f), modelo, i'd, instant, dot, combined., meatballs:, fourths, 60, broiler, muscavado, fryer, called, (20.25, dulce, color), pimentos), greens, moving., up, 160",James Gonzalez
126,40,MALE,10453,21109,chef,in,"(heavy), gum, oysters,, micro, chop), fifteen, brazil, brine:, third., ketchup,, crimp, miso), sweeteners, strawberries, tomato, gold), diagonal, rib-eye,, diagonally, seeds,, rinsed, apf, ribbons, slivered, crispy, liking, ~1/4-inch, crostini, teaspoons), (recipe, (9, glass., dry), sauces, okay,, yellow, ribeye,, blend:, emmental, whipped, lukewarm, sauce, 95, cob), herbs:, parsley, (penne, potsticker, wraps, pepperoni",Patrick Johnson
127,42,FEMALE,92376,37568,sue chef,el,"goes, additions:, 45, refrigerator, 4-5, can, go-to, alternately, smooth, room-temperature, (divided), .5, oil, (place, (2-3, dressing/marinade:, dry-roasted, topping:, premium, pecans, side, 1/3c.-1/2c., freeze, (evaporated, (2%, pestle, biscuit, as, bee, /, meal, has, inside),, plum, larger), (about, butt), around), cardamom,, (3-ounce), meatballs:, short, cucumber, slicing, bar,, (bamboo, marmalade, lacinato, in), juice.",Angela Wilkerson
128,40,MALE,77449,59198,sue chef,en,"look, sunchokes,, crown,, room, sauce., (i, toasted,, sixths,, peas**, desired), drained/rinsed, 380, once, jar, (.11, (thai, ricemellow, (more,, crush, 80ml, sparingly), artificial, 1.65, lima, silken, (105, weed, rhodes), milk), choice,, reds, (500, scallions,, sierra, processor, cherry, broken, sprinkled, taste),, goes, husks, 28), fresh), snow, (by, eggplant, 15-30, /250, state,, short",Claude Kokesh
129,40,MALE,11377,37360,chef,en,"framboise., romano,, soup, (medium, 600, works,, dollop, state,, butt""), juice,, chilled, white, dijon,, powder/granulates, (very, leek,, fine, thick,, montreal), rectangle,, 6.75, moscato, romaine,, margarine,, almonds), 109, seckel,, tenderloin, dagoba's, meaty), 5-, shrimp, rhodes), hock, didn't, teriyaki,, fingerling,, range, above:, pieces,, (semolina, (available, ""tenders"", fragrant., spicy), 150, rolled, clover, tempeh, (one",Kurtis Limon
130,42,FEMALE,93550,37484,baker,gu,"bowtie, bags, below), raspberry, grain, (mine, garnish, red-pepper, 700g, pasta:, waxy, stock,, fresco,, week., rectangle,, fruit, achiote, reserved,, tomato, pimento, onion, breast, adjustments, chilled, flip, chives, baby,, vanilla, pods), cm, lots, stock/broth, salted, toast, peanut, romaine), 475, post), blueberries,, moons, rack, (16, brandy,, powder/granulates, interior, (peel, pod,, fresco, (add, (kidney,",Jutta Nguyen
131,36,FEMALE,89110,43073,pastry,en,"4.25, slicing, day-old,, arugula-shallot, brown-rice, powder*, (dried), (kidney,, been, +, galangal, coarsely, blueberries, ketchup, serrano, soft-rind,, /chickpea, (superfine), muffin/cupcake, nibs, crimini),, 1/4-inch, 1/4, (toss, lemons,, (chevre), (roma), taco, oily, lined, (of, chunks,, lard, read, want!), linguini, generous!), shells,, pickles, quarters, herbs,, preferred), (sirloin, (yellow, mayacoba, zest,, (cook, lolipop, ""best, deep",Jean Tipton
132,36,MALE,10458,22072,chef,it,"(do, and/or, photo),, plain, piping, sunflower, verde, onions,, instead, tablespoons, smaller, candy,, caesar, un-peeled,, got, sticks), ceci, meal, tried, elbow, noodle, 255, iceberg, (coating, their, 255g, filet), trimmed,, mild, greens, cloves), tablespoons+, homemade), pumpkins, yeast,, 100, 4-6, syrups...adapt, limas,, vert,, fingerlings,, beans, star), powder*, spearmint, rubbing, (.03, broccoli,, girls), slices)",Jason Harris
133,41,MALE,92553,38554,sue chef,en,"(1/4, seeded,, stale, pea, coconut,, flavoring, prefer, bars), 1/8, stems, cookie, damp, morning., extras:, larger, pistachios,, generously,, herb), butter:, discarded,, achiote, half-and-half), pan-frying, 1½, stalks),, 14, spaghetti,, tip, 4.75, apple,, (~1/4, sweetened), fully, (muscovado), is, cups, inches), paste), fiorelli, fine),, broth,, cheddar-jack), (arugula), grilled, onions),, (groats), bunches, skim, ""beans, gems",Nicholas Bagg
134,38,FEMALE,77479,96118,chef,de,"shelled,, cellophane, (all, brown), 255, brand), champagne, chunks), ganache, brisket, cheese), cranberries,, extra-firm, old-fashioned, husk), fiorelli, eye, center, top:, (lots, glaze:, mixture:, scissors, new, season, pearl, (medium), bowl:, golden, whatever, dal), buttered, make), 180, mine, grated,, (optional!), chops,, gallo, portobellos, broth), fold, limes), post)., 175g, adjustments, soba,, (optional)**,, splashes, size",Diane Vargas
135,40,FEMALE,92683,49686,sue chef,el,"edges., 1/2), cereal, (medium), mine, pit, cooked,, crabmeat, 12-inch, slight, guessing, scrubbed,, pearled, panini:, florets,, butt""), zest,, large-flake, -medium, fluid,, night, asian, (105f, bone-in,, shiitake, make), bananas, oiling, recipes., especially, drained/rinsed, sugar*, mixed, solid, smart, pint, 25-30, smashed, (3, water-packed, use, flaky, med-hot, melon), button,, (breast, below),, liquid, german, may",Grace Brailey
136,45,MALE,10458,22072,chef,ka,"(icing), 3.75, potsticker, cake:, med-high, burner, (24-28, very, cucumber, pizza:, oranges, 115f), peppers, herbs,, pecorino, job)., barbecue, light,, handfuls),, stock,, (room, tablespoon), gruyere), pomegranate,, pomegranate, vegetables, caesar, (yukon, 245, bit,, 1-1/4, broccolini,, pressed,, halved,, cubes,, combined, lots, heart,, through, thawed, substitute, gold, dinner, basil/cilantro, lead-free, matchsticks, bet, manchego, cup, pounds)",Shelby Gallagher
137,43,MALE,95823,36001,candy maker,in,"hershey's, hominy, pebble, loaves, mirasol, natural, squares, kabobs, mix:, makes, stems, mushroom, radishes, 155, cloves), booze, market, after, nonstick, (raw), buttered,, blueberries,, toffee, (weighed, bite-sized, pit, fontina, corkscrew, lollipop, spray,, candy, (tenderized, muenster), one,, room-temperature, figs,, 1/6, ghee), fontina,, kale, sunspire, find, (2-3, molds, kisses,, round, butter, desired, reserved, 6.75",Melvin Mcgibbon
138,37,MALE,78521,23426,candy maker,en,"fixins, had"", low), (thick), 200g, cream,, pinched, mushroom, gratin, (i.e., larger, oz,, (kidney,, prob., pimentos, (mine, g,, seasoning, empire,, plump, we, (14.5), brisket"", stock/broth, honey, nutella, active, 450g),, reduced, 600, pepper, lemon,, buy, piece, black,, wwp), northern, smoked, tortillas, (deseed, diced/shredded, (23, (thin), pinches, feeling, light,, confectioner's, ingredients:, broken, amaretto",Gary Kalar
139,40,MALE,11234,51446,chef,in,"pit, durum, coating,, taste),, crabmeat, (leftover), flavored, (can, wrap, turkey), gel, cocktail, addition, salt,, stemmed,, 80g, beans),, thin,, sald, paste*, brazil, mixture*, 8, 120, tops, (11, labeled, borlotti,or, photo, stick,, pan,, 1.5+, removes,, mine, first, flakes)), use), handy, bowl., tabasco, pint, (reserve, filtered, apricots,, leaves), (chopped), kind, chestnut, 24, ~1/4",Scott Lischak
140,41,MALE,79936,42857,chef,it,"deep,, pie, (1/2, fine-grain, cm), huckleberries, curd, shake, almost, things, (1/4-inch, drops, that, gruyere), ro-tel, orzo,, recipes., brandy,, semi-sweet, (large, sweet, tef, buckwheat, saucepan, lb., deveined, 25-30, parsley,, veg., steakhouse, certainly, puree*, blackberries, sel, herb), combined, early, (125, (sometimes, chopping, deseeded, glass., packages, garnishes:, real-deal,, (orecchiette,, sprinkles, leaf,, always, crisp:",Ricky Annis
141,40,FEMALE,90706,39362,baker,gu,"inch,, (5, choice,, pasilla, 109, turkish, included, sugar/salt, pecorino, squash,, serving:, galangal, meat), meyer, milk,, picante, meat:, fig, finish), (~3, (11-ounce, great!), frozen,, smoke, 25, vinaigrette, mozzerella,, photo, buttered, this, 45g, blackstrap, ones),, alralfa, pan-fried, mostaciolli,, 85g, muenster), aniseed,, once, sugar),, taste),, yuba, bleached, cabbage,, herbs., crust,, bought, skinless, stir",Patricia Lemon
142,33,MALE,90044,22091,deli,in,"precooked, temperature,, loaf, bagel, pea, turkey, brisket"", do, squashes,, tempered, combo),, like,, lentils,, (1cm), defrosted, removed, undrained, haricot, trees, sweetness, season,, monterey, english, 45g, zucchini), tots, instant, capers, unpeeled, no, non-alkaline/non-dutched, 6-8, room, (all-purpose, sheets, honeydew, 3.75, (corona,, penne,, fresh), till, splashes, limoncello,, 3, slotted, raspberry, crisp, make, 14-ounce, myer's",Jeffrey Stevens
143,29,MALE,11214,33765,candy maker,it,"wrappers,, got, ""best, grain, persimmons,, degrees, russets,, chops, stout, temperature), whipped, modern, weights,, crush, sun-dried, oversalt), pesto, ok), bacon-cheese, 5-7, (seasoned, fontina,, crusts, kick, jasmine, bag., oz/, part, savory, stems, nuts,, mashed,, tenderloin,, (31/2, regular), (""pork, the, boxes, equivalent, dr, sprig,, veggies, crumbled, dark!), 7.5, sauce,, prime, assorted, (scant), 155g",Andrew Ford
144,45,FEMALE,30044,60427,deli,en,"without, chex, non-alkaline/non-dutched, (green), spices, orzo,, pepitas, (compressed), optional), lemongrass, slices), (feel, vermouth, brand,, isn't, shortcakes:, lime,, sorrel,, -or, fingerling, peanuts,, ~3, sliced/chopped, trust, vinaigrette***, dyes, pears, choice)., hershey's, extract, bit, (penne, additional, vegetable, well-strained,, real, 340g, sheets, (200, sprouts), (lots!), leaves,, tablespoons), condensed, biscuits, double-crust, last, spices), shelf, arrowroot)",Ernestine Hunter
145,38,FEMALE,91706,41621,deli,de,"amounts, (chiffonade), leafy, cup),, rib-eye, serve., 475, non-sweetened, 1/4-, crushed, job)., northern, (manouri,, lean, cups), chunks,, pan, (large, nectarines,, got, cornmeal, ciabatta, 285, bars, (penne, breast), chops,, foods, grinder), 85, gruyere, basket, round, cheese), (26-30, desired, drops, fajita, skewered, ingredients:, buttering, parsley, cream, bulb,, serranos), togarashi, want!), (apf, 155g, cavolo",Ella Dumas
146,40,MALE,75070,84847,candy maker,gu,"rigate, 300, one),, colorful,, blanched, so,, trimmed, flowers),, blender;, turnips,, ravioli, etc., mushrooms), sage, gouda, apricots,, cab,, palm, portobellos, preference., dish, only,, sprite,, butter, fava, seasonings, pears,, good, berries), refried), active, fraiche,, oven, ~, (greek), nori,, well-pureed, block, (do, mung, cored,, top,, bottled, wheat), alfalfa, crepes, headnotes, pictures, harissa, mayo,",Patrick Caldwell
147,38,MALE,79936,42857,deli,it,"portobellos, canes,, sheets;, (8, 48, mozzarella, (28-ounce), (one, ciabatta,, equal-sized, rustic, favorite, garlic, parts,, (wash, over, krusteaz, well-strained,, scallions), cilantro(or, stock/broth, (heavy), optional:, slabs, #2, things, necessary), pre-cooked, paste:, chives, cashew, (don't, tropical, dice, (toasted), worcestershire, timbale, slider, 750, 210, alfalfa, cocktail, frittata, machine, lemons, firm, apple,, shaving, patties,, whiz!)",Brent Roper
148,39,FEMALE,93535,39747,butcher,gu,"shakes, rack, mushrooms), greek, cornbread"", 18, guajillo, (i.e., syrup,, sugar/honey, 100g, tofu,, florets,, nero, spelt, 340g, ricemellow, (pepitas),, cinnamon, ricotta, stir, burrito-sized, parmesan,, roll), cutters, goat, inside),, romano,, version), fixins, (stuffed, dice, red-fleshed, flour, butter*, (before, okay,, (16, various, fusili,, powder), macaroni, vegetables., brining, hershey's), (serrano), sweet, crushed,, thickly, zucchini)",Letha Simmons
149,38,MALE,92335,35008,deli,de,"noodles, (look, heat), blossom, soba, chuck, (4, tempeh,, 3), putting, bulgur, teriyaki, (scallions), (sleeves), needles), possible;, bass,, grand, pak, walnuts, mandolin, mostaccioli, labeled, brisket, (leftover), cumin,, (red, (yellow, thicker, anchor, m's, dr., scrubbed, apf, sprinkling), pepitas,, (500, work), 135, bottle), chickpeas,, graham, fudge,, sald, (this, evaporated, big-grain, 4-5, chopping, cavolo",Dennis Maco
150,40,MALE,92376,37568,sue chef,el,"spicy;, rustic, crumble, -------------------------, ripe, equivalent, seasoning), quarters, cider, down, tuna, m's, refried, 1/6, regular,, salt), 8), brought, blueberries, dough"", pile, 6-7, photo):, (green, heaping, double-crust, beans),, dijon-style, molds,, were, deep, pesto, summer, them., baked, have, fat-free, degrees., (cheddar, hershey's, barley,, (jarred), fontina,, dry., squash,, (celeriac),, mind, had, couple, assembling",Darren Austin
151,46,FEMALE,10467,29044,deli,en,"limas,, chuck, greens),, mix:, wash,, greens,, wwp), farmers', 105, drop, herbs), persimmons,, chorizo), moist, (turbinado), rustic, extra, peas, (sleeves), seaweed), dinner, crumb, firmly, sir, -2, (tenderized, might, unpopped, (sold, guacamole,, polenta), drummettes, times, 640, flaked, 18, fine-grained, 910, syrup,, following:, (lemon, grating, pressing, sheets, pinched, 7, 1/4-inch-thick, miniature, sorghum, axis",Peggy Garces
152,43,FEMALE,78521,23426,baker,in,"yeast,, manchego, lengths, 800g, overly, cherries, kale,, cream, pretzel, unsulphered, 220c,, ever"", gummy, locally, bars), stalks), pieces., (plus, milk), pre-cut, cumin), meaty), pebble, 225, (fresh), (more,, 1/4+, thickness, pork, salt., scoops, marinade:, /100, easter, version, sized, krusteaz, batter:, separate, fuji, taspoon, pounds, honey,, cheddar, snow, gems, adult, raviolis, tarragon, (totally",Florence Serna
153,41,FEMALE,11234,51446,pastry,de,"spicy, drizzle, lumps, bits:, crab, equal-sized, chilies, thermometer, artichokes,, packed, tamari, (best, steak), washed, shallot,, gerkins,, tub, verde, nonalkalized, batter, especially, -or, serving:, slices, cover, (2%, (diced, seeds,, m, cola, machine, 180, oz.}, amaranth,, gummy, eggplant, 9-inch, (scallions), cutter, tablespoon,, 255g, cassis, -2, sugar),, liquor, peanuts, short-grain, past, place, toast",Mary Ray
154,32,FEMALE,92804,41887,deli,de,"sandwich, ghee), juice*, crystalized, (ravioli,, pith, bulb,, equivalent), previously, quinoa, (best, (oats, gently, (pork, let, ozs)), heat,, (thin), packed, peas*, eyes, snow), farmhouse, berries*, serena), extra-virgin, pastina), 1-pound, cottage, dutch-cocoa, v., egg, 5-, fridge, pretzels,, weed, sugars., ribs, feta,, degree, segements, blender, beer, cilantro), strips,, gingersnaps, read, three, verde, quart",Trina Zavala
155,40,MALE,22193,67190,butcher,gu,"flavoring, nonalkalized, gorgonzola, (two, runny, 8), had"", too, pomegranate, cupcakes, oil),, 6-8, (earthgrains, yet), 2-1/2, pounded, trimmed,, couldn't, (white, bunch), confectioner's, linguine, unsulphered, minute, filling), discard, grind), (japanese,, whole-wheat, raisins,, woman's, roll), notes!), fresh,, (next, (do, (natural, 2t, wedge, divided, celery,, (additional), powder), apples, 400˚f., skins,, snipped, hearts,, me.), lobbed",Eldon Aguilar
156,39,MALE,78572,23799,chef,ka,"(large, table., milk,, great!), (10-12, broth), fruits,, semisweet, dip, peeled,, yogurt,, nectar), breast), bundle, rices, out, (105-115f), choice), eggs, stout, ingredients,, slices), canadian, doughnuts, water*, rocket, sushi, key, double, (pork, hands, decorative, feeling., here), turkey, cloves,, mandolin, (optional!), crimini),, cumin), –, ginger, parmigiano, those,, water-packed), halves), well-toasted, canned, puree), destemmed,",William Glover
157,43,MALE,11226,29498,baker,de,"(breast, fine, cassis, turn,, adult, above), jelly,, 1%, sugar., back, (preferably, 113, ml.), beans,, beer,, gram, frosted, teaspoon), (5, reserve, puree,, roll, (canned), tightly, (still, tarragon, (scraped, tails, how, thinning, pine, 22, club, blackstrap, 1.65, fillets, (additional,, nectar,, m&amp;ms,, squash*,, 3/4-inch, tortilla, rib), extending, tangy, (best, boxes, raisins, m's,, shortly",Joe Ulcena
158,48,FEMALE,92376,37568,chef,ka,"resist, (muscovado), mostaccioli, 340g, drain, 200g, (measure,, nutmeg, bagel, reasonable, lean), stiff, -gently, cumin, canaola, 65g, oz, /100, precooked, chives/, (hs:, ounch), sugar,, degrees., broccoli), 3/4, sun-dried, lead-free, chipotles, gallo, skip, mix,, yolk, scallions),, pastry, japanese, minute, shallots*, herbs:, 225, limas,, spices), non-alkalized, great, broccolini, serving), room, thin, ""beans, mushrooms,",Kelly Eberle
159,36,FEMALE,89110,43073,chef,it,"oz/200g), ok, (120g), preparing, cooked*, cubes, coriander,, matchsticks, chipotle-tomato, (measure,, whip, pineapple,, globe, sheets;, (optional!), (real), bunches}, crabmeat, (watermelon), northern,, stemmed,, 155g, paper, wrinkly,, tubes, asiago, bleached, cored,, pesto:, beer,, soft, watercress,, thinning, tablespoon, bowl:, head),, mountain, caramelized, pepper., asafetida,, (breast, winter, souffle, 350, harissa, grater, 215, walnut, notes, burner",Dorothy Vasquez
160,43,FEMALE,79912,48627,pastry,it,"(reg., greek), butter**, cultured, 1/8-inch, foil, alternative, variety), ended, paper, slivered, (salt-free,, raisins), bunches}, brining, cilantro,, moving., pico, bowl, (250g), regular, v., flax, baguette, (paste), meat, 3-inch, mystery, crushed,, wash, 1.5+, unpeeled, grapes, fixins, king, dino, (18.25, popular, turnips, mayo, (9, (brown), reserved, wheat, sized), (thin), crisp,, (black), freeze, cream,",Georgia Peppers
161,36,MALE,91331,39225,deli,en,"shallots, apply, reasonable, romano,, side, work), note:, almonds, tamari, plus, (plain), gristle), isn't, what, parmesan, apples, best, crumb, romano, tablespoons,, crescents, depending, needed., limes,, syrup, wild, 1.5, vert,, lowfat, crusts, 6-8, leaves), bush's, 85, caraway,, spicy), 750, pestle, ozs), (chocolate, whisked, seed, fleur, 355, demerara, pencil, loaves., 46c), see-though, (up",Jeremy Trickett
162,48,MALE,10468,26852,pastry,it,"135, puree*, shreds, cheaper), touch), 1.2, it),, kalamata, salad., freshly, mayo,, 25g, choosing), kale),, wedge, previously, file', soup, 60, quinoa*, chilled,, butt, salsa,, pecorino, jalapeno, strawberries, pictures, 3x., hamburger, ones),, nuts,, light, beaten, (spicy, plum), room-temperature, cup, unprepared, (as, pommade:, (scallions), case, northern,, syrup), half-and-half, bread:, (100g), hershey's), gray, v.",Jess Desrochers
163,34,FEMALE,75052,60254,deli,ka,"grapes,, fresco,, cake, warm,, cornmeal, lightly-flavored,, three, hate, lacinato), over,, limes,, ladyfingers, soaked, guajillo, reduced, side, honeydew, x, 3x., rim,, short-grain, mint, tomatoes,, edges., leeks,, whites,, slotted, sprouts, ardrahan, (frank's,, kirsch, bibb, strained, this, browns, reserve, (white/black, half-and-half), {~3-4, /70, seasoning, gems, 35-ounce, (again,, penne, muffin, mild), (butt), precooked, pepper.",Antoinette Jensen
164,39,MALE,92503,44829,pastry,it,"bleached, substitute, lump, want,, grinder), (105-115f), single, ziti, pw:, well-toasted, tahini,, strong, chopped*, ~3, (below), xantham, getting, 2/3-inch, salad, whites, northern, straight, choosing), potato,, oz., curd, lengthwise,, ingredients,, (~1/4, large), asian, hershey, slice, (optional, cold, 350g, (add, peeler, sliced/chopped, mizuna,, example, (i've, vintage, notes, tried, combinations, rich, parmigiano-reggiano,, 3.75, whip)",Michael Throneberry
165,43,FEMALE,77584,70113,baker,de,"(crisco), (a, ardrahan, beans),, plus, toasted*, italian, (additional), strings, fritters, tempeh,, coriander,, 16, romaine,, jullienned, rim, omelette, flowers,, girls), .25, last, (optional)**,, chicken, hand,, unsalted), thicker, smashed, swiss, wedges., sriracha, pluck, preferred, aged, radishes,, kisses,, haf-inch, (14, russet, 425, flavor, keep, very,, tbls, yogurt, crusts), oz., hours., pints), cumin, wheat,",Penni Drumm
166,42,MALE,92336,55340,butcher,gu,"gumbo, rice,, ,, ml), mascarpone, success, leaves/stems,, cake:, together)., elbows, (3, sriracha,, half-and-half), (""pork, cookie, non-flaky, ounces), chicken,, english, crusty, liquid, (1, post), (red), blackberry, stock,, unwrapped, through, prefer),, combination, a, tubes, dumplings:, mayonnaise, (any, russets,, variety), (regular, bulbs,, broth, sprig, etc), (totally, spicy;, 300ml, seasonal, against, yellow,, petals, salad",Ryan Gates
167,38,MALE,89110,43073,baker,en,"pumpkin, (vanilla, low-fat, cold, spread., coloring, version, sliced/chopped, 1cm, trees,, through, sweet,, spicy), seasoned, 55%, strips, good,, buckwheat, (packed), contents, cold,, cocktail, pinto, salad., nice, sauce:, fig, flavor, brownies:, charms:, spiky, ones),, rigatoni, creamy, pile, food, pork,, yellow,, (homemade, below,, blueberries,, handful/scoop, avocados,, blend*, mix:, additions:, preferably, sherry, dark-brown, (something",Adam Fleming
168,36,MALE,75070,84847,butcher,en,"greek, browned, dijon, semisweet, (23, pimentoes,, temp, crusts, pot, bags), leaves/stems,, broccoli,, napa, head),, pepper., above, peter, ripe, blistered, heavy, olive, sausage,, 1.6, crisp, parsley,, clove,, (we, lightly-flavored, alternatives), circle, pounds),, breast,, oil:, dot, cup, rolls,, crunch, cubes, 100, 15g, sturdy, base), tuscan, carrot,, peeled., cashews, well-washed, /250, choice,, fusilli",Brandon Musante
169,42,MALE,93307,26462,baker,gu,"rosemary,, necessary), are, (remove, {~3-4, icing, framboise., skinless, pasta, sugar/salt, tips, firm, fluid, fiesta, halves, orange), marzano), chopped/shredded, 12-14, chops:, filets, berries), glass, chops,, 8., wwp), honey, hand), chimayo), tomatoes, veggies:, nachos, this., teriyaki,, generously,, additions:, wash, cut, boiling, 5-7, deep-frying, seitan,, mesquite, patted, pans, ribs), 3.75, splinters, shortribs, pistachios,",Francisco Randall
170,38,MALE,92154,42970,baker,it,"trini, flower, -, olives., candy,, 15g, (heidi:, beluga, bellas,, ribeye, (peeled), need:, pommade:, quite, juice., pastry,, teaspoons+, paprika, soba,, paneed,, different., tip,, had, artisan, 1/4+, 340, case, stiff, (1-2, mushrooms,, blossom, too), figs, sheets), crumbs*, enchilada, (100g), salt*, tenderized), orzo, season,, (chulula, cornmeal, beans., decoration, tins, (don't, day-old, gallo, (fragrant)",Christopher Miller
171,43,MALE,11355,36973,pastry,in,"(sirloin,, below, crackers, angle, tempeh, flip, 8., lowfat, process, dogs, notes, golds,, tops, fine),, pull, cubes), fettucini), gummy, kosher), pitted., gruyere, tip, foccacia, (salted), cream:, 1/8ths, small/petite, not, ""croutons"", plum, rice), had"", drizzle, za'atar, burner, whiz), 55g, (46, thick, micro, globe, bone-in,, color, done,, (vodka, ones), (may, l, parmigiano, hours.",Tyler Lynch
172,31,FEMALE,90201,30029,candy maker,ka,"(round, buy, kernels:, shallots, romanesco, hearty,, circles, pan, substantial, strips,, feeling., (good,, rehydrate),, prefer, molds, just, 340, pictures, kaffir, 55, diameter,, alternative:, rocket, ricotta-stuffed, skillet), short-grain, 14-ounce, long, uniform, too, packed), husked, whatever, done,, (sirloin,, basket, brown), 200g, (more, pumpkin,, (vodka, romaine,, (fresh, (wash, flavorful,, (yes,, pears,, ozs., return, pickles,",Janice Johnson
173,41,FEMALE,11373,38151,sue chef,ka,"1.65, smashed, comparable, condensed, tops, 28, prime, (fresh, (21-26, unsweetened, turnips,, /, uses, (low-fat, meat:, separate, with:, 155, medium-sized, radiccio,, spray, (400g), tails, (4, cooled, rehydrate),, raddiccio,, alley), is, gristle), pans., canaola, aisle), washed, pancetta, pastry), (optional)**,, big, med., cob), (but, 6-7, bag), /340, litres, poounds, almonds,, dry), 6+, kidney,",Norine Hurst
174,41,FEMALE,85364,31515,pastry,ka,"3/8, olives:, tbls, white,, preferred, cooked, bhutanese, fire-roasted, rolling, 200g, (very, crumbled, sprigs,, toasted*, booster,, salad, jam,, dill,, till, sliced,, beans), balls, portobello, very, squares), powder/granulates, yeast, own), blistered, parm,, piece, spread., tiny-inch, spears, #2, ginger, sauce,, 85g, vegan, pint, sausage, untoasted, gruyere), turkey), gem, wash,, peanuts,, seaweed, mins,, on",Naoma Weigand
175,42,FEMALE,10467,29044,deli,in,"muhammara, cream,, (manouri,, peach,, (coriander),, above, pimentoes,, 6+, pasta), recipes, seeded,, 1-1/3, sage, ziti, each,, tamari, cup(130, didn't, borlotti), (breast, desired), (11, (you, rectangular, discarded, liters, muscavado),, tapioca, nonalkalized, brand, (diced, pit, (compressed), (store, axis, carrot, reserved,, 1/2), dashes, removed,, vitasoy, dough, (additional,, (105-115f), circles, on), fruits,, demerara, peas**, brisket""",Katie Stokley
176,35,MALE,85364,31515,deli,en,"curls, tins, caramels,, (pimenton, extract, needed,, (powdered), kernels,, single, canned, barley, 105, soy, (green, microplane-grated, fingers, (mild, pickles,, serrano), 1-ounce, top, combination),, dice, 230, 100g, runny, (21, hours, mayo,, powder/granulates, semisweet, organic,, super-puffy, caviar, choice., packed), rub, t, dr, (about, parchment, process, saucy, nicely., porcelain, (1/4, choulula), partially, borlotti, beef)",Dale Lozano
177,38,FEMALE,11226,29498,butcher,it,"should, pictured)*, saucepan, less, fully, hearty,, both!), phuang), 640, canadian, (all-purpose, (100, special, flavorings), (may, chuck, organic,, is, fluff, a, all,, watercress,, (evaporated, whipped, bundle, 750, stout, 1-pound, 113g, (toss, that., fresh/dried, melon, (approx, champagne, excess, russet, add-ins:, hand,, 70g, (chevre), peach,, cream, type, toasted*, fingerling,, (75g), caviar, middle, photo),",Christina Irving
178,42,MALE,75217,31532,baker,gu,"tails, canola, girls), -5, 45g, shoyu, (low, grits, cornmeal, sugar, serrano, 20, 1-1/3, (""pork, whatever, el, you), 450, immediately), chex, standard, water), recipe, moisten, loosely, tablespoons,, video., lite), drizzle,, seitan,, (40°f), dusted, preferred, farro, flavorful,, vinaigrette),, soup:, cumin, framboise., beans,, (still, up, (21, holidays), turbinado), orzo,, alfalfa, taste),, ever, quarters",Peter Revell
179,46,MALE,75070,84847,deli,en,"iceberg,, oz,, andes, 1-1/2, tart., crusty, choosing), stalks),, bulb, (japanese,, minched, 2t, pan-fried), oreo, oz/, 255g, sure, plus, mushrooms:, drizzle,, had, trinkets, toasted*, handle, garnishes:, makisu, yellow, grease, 35-ounce, celery, boulange., dice, golden, 450, roasts, (5.6, fresh), 100, cooked, (400g), crumble, been, photo):, good), 4.5, (toasted), ricotta-stuffed, shell:, gems,, grana",Thomas Sandoval
180,39,MALE,60625,40083,chef,en,"me.), mixture, (sliced, (bite-sized, krispies, squash),, didn't, (replace, first),, gratin, lemons,, packed), success, bleached, urid, 1/3, natural), verbena, (additional), dark-brown, well-crumbled, sticks,, gerkins,, basic, mints, combined., (5.3, gold,, pats, drippings, cut,, (3.5, fluff), 60, cheddar,, choice., splashing, depend, flatbread, (arugula), (confectioners), green,, (substitute, caramelized, 2, started, slabs, mustard), (crisco), pumpkin/squash",Hugh Soucy
181,29,MALE,92804,41887,baker,it,"scissors, fill, (instructions, sage,, done,, sweeten, (4, balls, dry), confectioners', (egg, olive,, 9), wash, foil, pecans,, provolone, fat, skin, 4), bias, plate, 245, potsticker, seconds,, salsa,, stemmed,, spears,, leaves), packages), bit,, caster, sald, giant, orange), 2-3, seasonal, brine:, candies, green,, 50, durum, always, 1-1/8, rolls,, ready-to-cook, fontina,, temperature, (drained), bean,",Harold Wade
182,34,FEMALE,93535,39747,sue chef,de,"masa, flavor, loose, berley's, leeks,, 2-1/2, muscovado,, round), thickly, chanterelle, mist, bunches, (divided),, (8-inches), peeled), blend:, whipped, half,, pimentos, sugar), shelf, want,, starter), jelly,, sweetened), hair), spice), (with, diced, handle, set, dark-brown, cold, 3-inch, jalapenos,, (cheddar,, sorts, state,, 340, crown,, galahad, wine:, tartar, jam,, evaporated, tips, bigger, ripe, slight, (large)",Shari Brunkhorst
183,42,MALE,92376,37568,pastry,en,"with!, milk, (depending, (26-30, unsulphured, (turbinado), country, soft-rind,, skillet:, tub, blue, hotel, seeds*, pomegranate, (either, fire-roasted), edges, borlotti,or, (20, rib-eye,, sticks,, 710, variations:, food, hands, 100%, too,, potsticker, 250g, handle, oz.), (100, whole, steaks, eggplant,, browns, goat, ice, (fragrant), thick), extra,, plump,, double-crust, too, spreadable, tortillas,, too., tart., bowls, slices)",Jose Vanburen
184,42,MALE,30349,39141,sue chef,en,"alfalfa, 185, wine:, eggplant/aubergine, crunch, cornbread"", alt.), oil, shoot, well-pureed, (room, ravioli, (makes, artisan, beans), raspberries, replaced, meat:, best, rib-eye, pestle, puree*, shaken, pork, hearty,, lacinato, potatoes,, (fig,, (mine, melts, 4-cheese, full,, again, whiskey, melting, broiler, turkey, nectar), well-chopped, (vodka, dark!), globe, grating, juicy, florida, gems,, bunches}, spread, eau-de-vie), above)",Harold Barnes
185,40,MALE,10467,29044,butcher,ka,"oversalt), fine, barn, pasta, chips/chunks, lentils*, 10), (cavitappi,, ""pico, trini, finish:, sriracha,, reggiano, tomatoes**, decorative, 113g, sage, serena), distilled, peeled), marshmallow, shelled,, pictures, -purpose, quartered, handfuls, (sliced, organic), phuang), crusts, 2%, grinder,, both!), note:, trees,, toffee, 70%, (canned, (available, strips,, radiccio,, jello, tenderized), sweeteners, (3-ounce), artisan, side, pecans, chops:, salad",Kip Martinez
186,36,FEMALE,90280,35744,deli,in,"300, eggplants, many, cardamom, unrefrigerated, 2-inch, stiff, water-packed), quarts), tenderized, cooking., make), (coriander),, leaves), granny, 45g, 14), ot¬her, slider), lollipop, 1/, (full, shredded), oregano,, had, omelette, gingersnaps, too), point,, tubes, putting, (more, muffins, unsulphered, emmental, 1-inch, 460g, salt), piece, whipping, instant, split, sit, (inner, carrot, larger, (chuck, crackers*, sesame, buttermilk/milk",Andrea Mines
187,44,MALE,926,26306,baker,de,"tomato,, total),, puff, off,, dashes), shells), real,, ganache, sweetness, segements, (plus, think, aromatic, unwrapped, club, side, pin, you've, lengths, za'atar, borlotti), handy, tortillas, sugar), 15-30, wheat), scallions),, 1-, med-hot, 20-lb., a-p, (add, adzuki, hazelnut, condensed, dip, video., unpopped, foccacia, pinto,, raw,, 145, (675g), cups+, acorn,, whip), flavor(s), 2), semisweet, apple)",Michael Berdan
188,36,FEMALE,10452,20606,pastry,gu,"(scallions),, pictured)*, tops), fusilli,, pounds, chilled,, 9.7-ounce, ham), solid, nectarines,, fat, buckwheat, greek), lightly, 15, glass, skin, ham,, beaten,, (14, dill),, seeds), had, strong., have, tots, pot, gingersnaps, pans, endive,, nigari, colorful,, (24-28, off, small), thick), bits:, cup+, key, cannelini, spoon., oranges), skinned, (leaves, beef), small, 1.5cm, core, 225, thin,",Louise Robles
189,43,FEMALE,77479,96118,deli,ka,"cashew, alkalized, (carefully), heather, tartar, dashes), day-old,, curried, gram, bagels, sprouts,, (1/2, (23, finish:, state,, etc), m&amp;m's,, ribbons, shredded), 55g, resist, margarine, toast,, spinach, half,, pim's, herbs., pan-frying, fusili,, kisses,, grapes, using*, ham, pumpkins, 135, aniseed,, notch, (scraped, meltable, (red, 14), see, cellophane, pie,, alternately,, stores.), torn, salsa,, icing:, curry",Annie Smock
190,37,FEMALE,11206,18661,baker,de,"slightly, ""beans, frisee, buttermilk,, notch, (real), fourths, (garbanzo, cut,, stick,, rice,, crimini, yellow,, sliced, cold,, 2-1/2, eggplants, mozarella, taste), picante, berger), chicken,, lemons, (240g), wine:, maraschino, non-alkaline/non-dutched, pecorino, rounds, shoyu), oil, (salted, myer's, asparagus, overnight,, olive,, sprinkle, pizza, bouillon,, adjustments, sumac*, butter., (15, leftover, (thai, plums,, (medium, peppermint, diced, 4x.",Jennie Campbell
191,36,FEMALE,22193,67190,chef,en,"vitasoy, burner, dressings, 18, hearts,, water, wet, let, may, might, miso), browned, destemmed, orgnic, blood, heat), scissors, pimentoes,, watercress,, seed, kg, spray, bits, paste, vegetables., 355, do!), flakes)), frosting, 910, rolled, ripe,, fixings., lump, that., all-purpose), bacon,, pounds),, amounts, out, gray, berries),, hoisin, lacinato), big,, strings, alternative:, ml), 250, (feel",Amy Cornish
192,44,MALE,92335,35008,baker,in,"micro, best, rinsed), aniseed,, rolls, rubbed, dente, some, poounds, (i've, lean, fixins, what, grainy), 180, 20-lb., pancetta, steaks, quality, (50, dulse, skin-on, creamy, dehydrated, raz, (drained), butter,, jalapenos, brown), cheddar,, freeze, butter**, wedges,, swiss), pin, 355, on, romaine), /250, pico, kale),, thinly,, (11-ounce, (makes, amount, noodles, cider, canola, (ditto!), krusteaz",Donnie Adams
193,42,FEMALE,78521,23426,candy maker,en,"pasta), tenderized), pounds), dressing/marinade:, puffed, nero, intact, seen, oz/, (without, blackberries,, (120, broth), dip, croutons, stock), stuck, moisture, booze, (14-ounce), milled, (number, whole-grain, squares), 14-ounce, 2/3, works, crescent, bone-in, shortcakes:, (pecorino,, add, xantham, (as, main, degrees, olives., rose, espresso, everything, (scraped, stir, saffron, +, package), gems,, both, zucchini),, dried,, isn't",Elizabeth Kelley
194,42,MALE,10453,21109,chef,de,"loaf,, 1/3-inch, (corn, pounds),, 2-inch, sauce:, tiny-inch, jack,, nicely), salsa,, malted, pecorino, 5-, 60ml, arrowroot, skinless, parts,, raspberries, 2-3, (again,, smoke, topping:, pluots,, husk), 10), piping, isn't, necessary), 2.5-cm, hair, 4), crystaliized, golden., numi, tbsp, stemmed, muenster), 3-4, breast,, drizzle., cans), potatoes), honey, king, ex:, veg., seaweed,, (serrano), whites, bush's",William Gan
195,38,FEMALE,85364,31515,butcher,en,"raw, diced, (crusty),, rind,, haricots, chorizo), didn't, quartered), size, thick-cut, sumac, cooking., pluck, browned, picture, nuts, bran, crunchy, (brown, one, cilantro), (coriander), stellette, according, trini, nectar,, mascarpone, plump, skewered, flavorful,, (penne, rind, dente,, jasmine, mayacoba, cm), work), pea-like, lima, (opt.), larger, pumpkin/squash, ended, stuck, doughnuts, halves), containers, spread., marinated, flavorful",Barbara Koch
196,46,MALE,95076,45354,candy maker,el,"sure, greens, fusilli,, vinaigrette),, shells,, membranes, (turbinado), leaf, cracker), water., (bite-sized, (roma), (3/4, broccolini),, were, corkscrew, soy, short, less), harissa, make, pim's, pattypan, organic, raw, german, bee, tenderized), ~1/2, instant, splash, around), deveined, lot's, each,, (healthy, post), extra-virgin, sundried, 1/3c.-1/2c., (yukon, o.k., 12g, individual, sunchokes,, garlic,, cheese,, all-purpose, wine, peppercorns,",Matthew Lucero
197,39,MALE,90011,23851,sue chef,de,"coins, (mild, gold), glaze, stems,, less, orange-fleshed, stout, shelled, anaheim, glugs, barley, pitted,, chickpeas), things, glass, 10g, stone, thinned, olives,, cupcakes, (lots!), like,, itself,, rosewater,, pearl, squash, bark,, popular, 55, excess, other, (in, an, 8oz., pieces), russets), barbecue, chocolate:, counter., mostaciolli,, pimentos,, pre-cooked, hazelnuts,, base, 250, light, choice., 7-ounce, powder*",William Swinson
198,39,FEMALE,78577,24216,candy maker,gu,"crumbled, plumped, padano, (dark, charlotte, peaks, scharffen, cottage, muscavado),, napoletana, brisket, desire), grater, apricots,, 155g, nicely), too., work, against, raw,, blueberries,, 60ml, ones,, 150g, note, shaving, (plus, extras:, nice, tossed, fussy?, black, you'll, stemmed, new, popped, breasts, slices), sugar*, i.e., sweet,, (chuck, onions,, flavor, single, cran-raisins, tightly, ""beef, sheets), 35-ounce",Tracy Sampson
199,39,FEMALE,94565,48523,candy maker,de,"so, 240, ale, good-sized, half-and-half), better), flakes,, (approx, 225, sauce, best, stores), bocconcini,, overnight,, tortillas, sweeten, cooked,, penne, (12, popsicle, counter., pluck, blossom, water-packed, flip, flour, ounce, (ikea, gallo:, optional**, olives:, (confectioners), hoisin, smearing, (2, pinched, vitasoy, paprika, chips/, coarse, pinch, 2.25, liters, nice, tips, pod,, tenderloins, pots,, kosher, rigate",Dorothy Commings
200,50,FEMALE,11373,38151,butcher,gu,"barley, pastina), pearl, 145, move, photo),, breast,, (50g), pie,, (breast, handy, pan, guacamole,, (tenderized, micro, chocolate:, cup(130, wheat, medium-length, muscavado, diameter, big,, salt, filet), ended, 28), slices/chunks, medium-grained, m's,, sturdy, apples,, (crunch/chunky, millet,, non-stick, type, (light, boulange., those,, berries*, brush, unrisen, pictured)*, cassis, 1/8-inch, spears, etc),, kg, available),, 130, write-up.",Shirley Ellis
201,34,FEMALE,11355,36973,deli,in,"mizuna,, i'd, 8-ounce, micro, bags), sherry, thinning, 60, cilantro,, lilikoi, 175g, fresh,, lumps, gnocchi,, spoon., equal, 4.5, bran, rim, potato,, don't, medium-length, six, simply, organic,, masala, (dried, kalamata, biga, (substitute, 2+, 370, 600, nutritious), hate, meat),, while, veg., called, 8., (page, cm), peanuts, crisp, quick, sugar), second, sec, chiffonade), optional)",Angel Miranda
202,46,MALE,92553,38554,deli,de,"browns, reg., (japanese,, (2, if, herb), (this, cane), chopped/shredded, it), peeled), tbls, notch, 9), of), strings:, halves), posole, ro-tel, sugar/honey, (by, equal-sized, chives,, teriyaki,, &amp;, sticks, cucumbers, 285, sheet, long, organic,, serving),, optional**, peanuts,, (heidi:, whole-milk, jumbo-style, (175, just-melted, ok), other, /15, minced,, (replace, strips,, (50g), (115, ginger, gorgonzola, off,",Art Fernandez
203,45,FEMALE,95823,36001,chef,in,"phuang), carrot,, (homemade, artisan, assembling, oyster,, g), bean,, slices), plate,, spring, whole, pepperoncinis,, square, leeks,, roast,, oreo, only,, gluten, (approx, skillet, heather, button,, marinated, pods), (toasted), equivalent), fine), fold, (92%, vera), (rind, chives/, mashed,, pictured)*, popcorn, sort, dinner, melts, (in, cavolo, bring, (stuffed, simple, strongly, empire,, flavor, splash, pretzel, squeezing",Danielle Stills
204,43,MALE,60617,35534,baker,en,"lentils, lentils,, beans), wine, shake, squashes,, peppercorns,, thyme,, fuzzy, recipe., pencil-thin, macaroni, 3.5, sugar), 15-30, (low, tropical, avocados,, scrubbed, dark!), (sesame, black-eyed, wafers, handful), stale, made, chilies,, smith, scant, tip,, look, blanched, sprouts,, 3/4, pretzel, drizzle, garnish:, olive, capacity, loaves, arborio, marshmallow, infused, whole, boiled, chile), rolls, package), (roughly, padano",Jeffrey Weiss
205,39,MALE,90805,32565,candy maker,gu,"(crunch/chunky, cheesecloth, mix, (needs, filling), again, try, mayo,, slabs, ciabatta, nuts,, (wheat-free, vegan, firm, (large), blackberries,, large, easter, guessing, fruit, isn't, 3), clove, yuba, cashew, mat), topping, flavorings), burgundy,, bulbs,, (, cracker, chives, coffee, (15.8, ""beans, strained, cheddar/jack, around, flageolet, pim's, jar), bowl., (pinto,, dough"", (""pork, pinch, box), halved,, double",Daniel Brown
206,37,FEMALE,91342,48744,sue chef,in,"spearmint, grams, myer's, removes,, (31/2, steak), 140g, destemmed,, /250, kale,, alternative, (sesame, (tails, do, legs, fruit,, 46c), pinches, whisked, (but, 4, jalapenos, rolls:, (1, spinach,, ""croutons"", following, {~3-4, bring, can), min, fennel,, pesto:, middle:, corkscrew, brown), boil., mandolin, 3x., option), sea, rounds, cured, depend, (70%, towel, kabobs, avocados,, minced,, northern",Paula Channel
207,41,MALE,75070,84847,sue chef,in,"been, additions:, (optional,, (crunch/chunky, dot, stock, edges., cornstarch, (large, choice,, thai, kg, whiskey,, ""tenders"", season, finishing, gum, me:, 3+, kidney, pound),, blanched), total), pencil, indian, 570, berry, taste, vinaigrette:, crostini, raz, rib), peeled, pounded, squeeze, 415, mill, chips/chunks, ""croutons"", thaw), gelatin, gravy, yukon, porcelain, stripped, canadian, pasta,, whites, strainer, original",Gregory Ruiz
208,42,MALE,91331,39225,butcher,in,"gravy, candied, flavor), type), peeled,, one), orzo,, -or, bee, shell, gorgonzola, it, sage,, puree,, (scallions),, (1.65, tapioca, enough, light,, wine, 7, sushi, less, day-old, sweeteners, 8.5, equiv., sweetness, gingersnaps, (optional),, 280, (you, diced), 35, halved, 1/2), aren't, blueberries*, dashes), (pepitas),, baguette,, size, moons, whisper, red, fleur, 1-1/4, olives., (up, whites",Felix Garcia
209,36,FEMALE,11373,38151,sue chef,el,"peanuts, seeds, loaf,, unwrapped, gruyere,, 70, /chickpea, plum), cream), pinched, citrus-flavored, 1.5, sort, icing, (place, prosciutto,, bbq,, millet, smoked, greasing, back, 1/2), golden, frosting:, ~1/4-inch, cherries, pomegranate,, sprigs, g),, alternative:, sliced,, my, third, (26-30, 9), gram, t., greek-style, ritz, gorgonzola, (watermelon), (optional),, semi, sparkling, taste., sandwich, much, each, recipe., farro,",Aileen Visvardis
210,35,FEMALE,22193,67190,candy maker,in,"plum, cups),, smith, bush's, 75, 10), cheddar, pak, 400g, 400˚f., cloves), ibarra, peppermint, oil), ricotta, florets,, seeds), 2.5-cm, kitchen, dried,, things, anise,, savoiardi, skin, arthur, dew, heated, out,, made, decorating, make), only, red-pepper, different, big, reserved,, photo),, peaches, (black), russet, taste., tahini, ok, trust, husks, (sleeves), stretching., cooked,, peas, dusted",Brianne Berg
211,38,MALE,926,26306,pastry,en,"60, (i, brine, buy, bass,, 3, round, sodium, brioche, (18.5, pin, x, 6+, hazelnuts, vinaigrette:, wheat), 1/6-inch, transparently, 180, measuring, smoke, oven., tk, (jack, core, rehydrate),, artificial, 8oz., chipotles, part, stock/broth, clark's, lb., (pecorino,, steak,, flat, together,, mixture, pureed, (11-ounce, thumb, butternut, cauliflower,1/2-inch, extract), turbinado), labneh:, brandy), 70%, sweetened,, easter",Joseph Gonzales
212,39,MALE,90280,35744,baker,in,"mixture:, alfalfa, coins, leafy, recipe., arugula,, overnight, anyone, 75, 2%, parts,, skin, paprika, mill, lukewarm, (diced, sweetness., chopped,, choice, just-melted, 8., balsamic, stalks),, rosemary, first, chard, fragrant., low-sodium, thirds), cups), peas**, tossed, (bowtie), turnips, swiss), anchovy, 130g, savoy, bundle, sifting, dried), schnaaps, torn,, sort, sage,, hock, add, -, pecan, radishes",Cecil Lewis
213,38,MALE,60618,41355,chef,en,"fettucine-style, marsala, prob., sliced/chopped, flour),, (page, pearl, verts,, (juice, sticks), get, (optional)*, flour,, lemon, rigate, 70, headnotes, pinch, crackers,, cornbread, seasoning), boil., fridge, optional), cob), additions!), kaffir, (2%, fixings., brining, new, pickles, noodles,, sweetness., frosting, (well), ideas:, packet), (number, enchilada, roasts, (14.5), pin, crunchy,, meatloaf:, first), 400g, (21-26, season, iceberg",James Goodwin
214,41,MALE,11230,32327,chef,gu,"you've, almonds), polenta, pim's, well-toasted, sprinkled, combining, working, scissors, noodle, root,, degrees., necessary., preferred, montreal), kg, (organic), 300g, blend, bread, mango, (scallions),, jacob's, crush, bunch, baking, apply, fusilli, needles), chips,, poppy,, nettles*, pepitas), unsweetened, peeled), machine, wedges., wine,, optional**, 160, nice, prob., pasta), instructions, vegetable, seed,, cauliflower,1/2-inch, (less, semisweet, stems",David Castillo
215,44,FEMALE,85364,31515,chef,en,"64, salad:, celery, i.e., sage, emmental, mustard,, stirred, can),, tortilla, kitchen, edges., (62%, grinder), (1-2, fuzzy, teaspoons+, 113g, medium), chicken), 85, (minus, sliced,, strong., saffron), half-and-half), salty, (low, favorite, queso, extending, perfect,, (canned), turn, orzo,, alley), pesto:, type), one,, fusili,, food, chips/, gutted, 90, charlotte, forgiving, filling, whisper, bottle, peaks",Emily Toomey
216,39,MALE,60617,35534,sue chef,de,"loaf,, that, one), 14.5, defrosted, garnish,, (deseed, cannellini, peeler, bran, need), paste, bags, cheese), stalk,, worms, ginger,, vert,, rubbing, eucalyptus), example, alt.), dal), myer's, 140g, krachai, hard,, sifted, crumble, russets), one,, steakhouse, post), popcorn, inches), avocados,, jello, intact, muenster), chard, buttered, _____, along, saucy, marzano), 16, thin(regular), every, ghee, bits:",Elmer Richardson
217,45,MALE,11226,29498,chef,en,"stirred, 8x8, had"", nectar,, paneer, eggs, (brown), frank's, spinach,, (again,, unbleaced, syrups...adapt, kernels:, (orecchiette,, a, more), crustless, (6-ounce), 3), bakeware, wraps, i, i'd, gloves,, meat), (optional;, foods, #1, sauce., chickpea-sized, gruyere,, tempered, cajun, cups, (i.e., raisins, wilted, fluff, frying, knife, germ), small/petite, 1arborio, fruit), (beef,, pickle, adult, regular, ever, quickly",Steve Norris
218,38,MALE,11206,18661,candy maker,in,"with:, muscavado),, arthur, lasagna, flowers),, dishes, (bosc, oil-packed, (angel, buttering, spaghetti,, (heavy), coke,, lingonberries, pan-toasted, gum, sliced, instructions, sweetened,, soba, chuck, 20-30, (half, (i.e., citrus, leek,, juicy, butter:, boiled, cilantro), temp, fettuccine, 1-inch, pea-like, 910, daniels, quinoa, rosemary, with!, them),, jullienned, come, mascarpone, eggplant/aubergine, dough"", have, touch), cauliflower,1/2-inch, bean), comparable",James Dromgoole
219,38,FEMALE,91910,42970,butcher,el,"smaller, scan, thin-skinned, spears,, edamame, (chulula, lined, buttermilk,, cured, refrigerate, nutmeg, packages, 9, were, canaola, 15-ounces, filets, thick), drippings, (again,, lettuce, cranberries,, gram, olives, unsifted, sun-dried, fronds, ingredients,, meyer, sticks), pancake, 140, regular,, wild, dutched, labeled, fruit/berries, grainy), 125, 255g, beans, barely, medium),, (40°f), loosely, german, deep., crumbs), 4-5, sixths,",Allison White
220,43,MALE,77429,78527,butcher,en,"high-gluten,, (4-inch), (by, shallots), eau-de-vie), whole,, 13.5, topping), package, makes, tart, verbena, 1-1/8, oreos, mini, (peeled), almond, cane, haven't, runner, pluots,, 28, julienne, handful/scoop, ziti, had, fingerling,, swiss, macaroni, olive, trees,, anything, knob, mirasol, refried), dip, unbleached, lollipop, kernels,, lemon,, depend, skinned, six, 12, reserved,, greek), thinly, prosciutto, tacos, zucchini,",Donald Harris
221,40,FEMALE,75070,84847,deli,el,"tiny-inch, there?), evaporated, ounces, capers,, free), spreading, 370, midway), semi-pearled, gerkins,, raw, persimmons,, canola, edible, kernels:, cube, veggies, it), squash, framboise., gently., lightly-flavored,, 13.5, marzano), spinach, bleached, dumplings:, unskinned, cups, peeled,, some, boneless,, hash, artichoke, variations:, ready-to-cook, starch, toss, pesto, well-chopped, vinaigrette, dumplings, naan, play, gallo,, hearts,, 3t, do, fruit)",Darlene Roseman
222,37,FEMALE,60647,35283,deli,it,"bulgur, 1-2, syrup, either, spears,, shake, red-fleshed, grain, marmelade, 400˚f., quaker, pieces), celery, 4-ounce, plums,, 425f, (semolina, croutons:, grade, brie, husked, fingerling, melts, 1/2+, dot, (melt, barely, rinsed), (.11, uncooked, ""strips""), (substitute, ladyfingers, dagoba),, apricots,, trust, plain,, gelatin, tortillas, rib-eye, loaf, (~105, fruit:, hearts,, half, sprigs-worth), ""homemade"", refrigerator, phyllo, stellette",Janie Christy
223,44,MALE,92336,55340,candy maker,el,"seaweed,, sprigs, tangy, want, (6-ounce), mind, around), crabmeat, medium-grained, cleaned, med.), tip,, toppings:, amount, powder*, ml.), hines), (leftover), 5-7, romaine, salt), smack, dagoba), mayacoba, (peeled), oz., carrot, ginger,, fuji, slices, 8oz., sharp, (dark, almond-flavored, me.), large, suspect, butt, russets), (3-4, all-purpose, (chard,, i, but, (without, cooking., thawed,, sec, crustless, chocolate:",Christopher Hays
224,47,MALE,75052,60254,sue chef,it,"500, jalapeno, bunches, (2%, sweetened, posole, chopped), russets), liquor, discs, organic), (coriander),, porcelain, thickly, doughnuts, how, ribbons, risotto., pan(s),, peel,, (stems,, 109, de-stemmed, with:, (7, casseroles,, skillet, orgnic, veg:, quinoa*, spelt, cupcakes, pot, quart, 14), centimeters, sure, 113, kind, small/petite, 2.75, drops, hershey, liters, non-alkalized, grater, nettles*, edges., filets, fill",Randall Wallace
225,45,MALE,91709,78336,baker,in,"butter:, olive,, dutch, that., spine, double-crust, color), weight, well-crushed, three, fava, hamburger, soda, ready-to-cook, as, shoyu), suggestion), mustards,, basmati, 1-1/8, soaked, well-toasted,, notch, hair, thyme), turkey,, substitute, 8, 6.5, yellow,, dill,, v., buttered,, everything, dinner, spice!), (of, standard, (7-ounce, rounds, raw, stalk, bitter/spicy, (scallions), 180, syrup!), bag., wholesome, only,, thinly",Zachary Coleman
226,32,FEMALE,93065,72384,butcher,in,"golden, (real), directions), fingerling, (fettuccine,, julienned, (garbanzo, wrap, spaghetti), dusting), (fig,, resist, knife, canela, flour,, on,, filtered, prefer),, cantaloupe, merlot,, butter:, 8, dijon,, hines), day-old, spicy!), saffron, wrappers,, cabbage, (red, cored,, side, saucepan, grating, squeeze, de-stemmed, noodle, five, bacon, caramel, coke,, 2t, sun-dried, fragrant,, veg:, sparkling, millet,, food, etc), (heavy)",Ina Flores
227,43,MALE,11230,32327,candy maker,el,"pure, flat-leaf, oyster,, nicely), known, caesar, real, (by, (50, sierra, alley), seed,, polenta), chive, dill, togarashi, (spring, 145, salsa, shortly, abuelita, precooked, (any, carob, addition, double-crust, tops), (stubby,, spicy, shake, blistered, seitan,, fiesta, limoncello,, dark!), sesame,, hands, (alternately,, whole-grain, crackers), (round, equiv., glaze, fuji, gnocchi,, oat, case, separate, cheese., fork",Steven Hayes
228,38,MALE,93535,39747,sue chef,it,"red-fleshed, cilantro/coriander,, morning., pith, turkey,, chiffonade, durum, t-bone,, dough:, threads), (optional)*, (low, kabobs, replaced, pints), zucchini),, jam,, (pref., glaze,, 48, consistency), pistachio, turnip, ribeye, mind, grinder), (remove, way, bits:, shallots, (leaves, pico, dressings, does, oversalt!), 60g, color, segements, fava,, (bowtie), cornmeal, gnocchi, pluck, regular-sized, he, pretty, quarts, marmalade, three), (medium)",Alberto Joyner
229,41,MALE,91744,46792,chef,it,"extract), syrup, tasty, toasted,, crunchy, his, stock,, doesn't, (thick), chevre, blossom, 2.5, 400g, (dr, mayonnaise,, rolled, bran, old-fashioned, 1-inch, rounds, large, eggplant/aubergine, sald, quite, transfer, market, sodium, g,, juice., saucy, kahlua,, dishes,, (less, 5, flan:, three), patties,, adzuki, sticks,, (white, peaches,, sugar*, assembling, lengthwise,, juice*, serrano,, cashews,, what, 4.25, (toasted)",Walter Diaz
230,36,MALE,10452,20606,deli,gu,"punctuating, white), chanterelles,, cilantro(or, turbinado), coconut,, 109, toppings:, (peel, 1%, paste*, reserve, sprinkling), top, 1-1/2, fire, passing, flavorful, timbale, dill, pico, snow), shells,, porcini, ones,, booze, 1-inch),, avocado,, isn't, toasted, (powdered), (opt), (vanilla, (sometimes, your, half-and-half, powder), seeds*, pomegranate, brine:, removed),, flowers, vintage, gruyere), melted,, icing, honey,, shells, cheese, harissa,",Albert Pope
231,38,MALE,77573,68458,baker,el,"iceberg,, resist, (dried), leaves/stems,, (5-6, short-grain, whip,, (stubby,, 4-ounce, tsp, (diced, light, dry, time:, rose, salsa,, lamb's, (2, eggplant, flakes)), option), rolls, off, fussy?, feeling., meat),, skillet:, 21c), capers,, well-crushed, cold,, spine, peel, butt""), savoiardi, cucumbers,, plenty!), brie, walnuts, 7-8, 46c), half, fifteen, lawry's, (vegetable, nut, rhodes), roma, thyme, cookie",Peter Brown
232,41,FEMALE,78572,23799,candy maker,in,"rice,, pound, cauliflower,1/2-inch, gems, scallops, stems, (any, bison,, very,, (1.8, store-bought, nicely, heat), macaroni, need:, is, separated), dried,, chocolate,, skillet/pan, clarified, (depending, regular), (sirloin,, 3+, grain), bottle, (toss, (confectioners), (and, double-crust, removed, different, crumbled, (half-and-half, flavorful, kale, rub, coarsely, ears, coke, 1-1/4, 2-3, full, gluten-sensitive), (1-2, (reserved, unsulphered, 48, work",Else Ashman
233,45,MALE,22193,67190,baker,ka,"quick, radishes, queso, abuelita, ozs., relish, orange, squashes,, spices), onion, 4-6, immediately), started, sparkling, toss, organic), (18.25, another, cheddar-jack), drop, starter), potato,, rustic, dash, self-rising, crusty, pomegranate, (thin), assorted, turkey,, moisture, veggies:, torn,, (penne, too, ribeye, tomato, (6-ounce), hearts, dot, whole, me:, addition, barely, notes), meyer, kidney,, caesar, turnip, roma",Arthur Laughlin
234,36,FEMALE,95823,36001,chef,in,"immediately), fingerling, you'll, colors), brew, ever, (above), can),, posole, jelly,, (round, am, ribs, 1arborio, arthur, pressed,, peppers), radish,, leeks, dew, kabocha, bit., (crisco,, can't, at, salad:, each), wild, seeds), 15-ounce, 400g, cheesecloth, grapefruit, (blackstrap), 50, tbsp, (plus, 25g, their, (scallions), raw, lentils),, caesar, small-med, hand), serrano,, (needs, de, counter., apricots.",Mildred Scott
235,40,FEMALE,10467,29044,baker,it,"heaping, crisp:, krispies, sauce,, (175, black-eyed, juice*, 255, of), lukewarm, corn,, try, breasts, hock, margarine,, freeze, alternative, madhava, lean), dusting), cellophane, (wash, cooked,, raw, extra,, homemade), steam), andes, radiccio,, soup:, freshest, sierra, dumplings:, down, cups,, crimini, eggs., thickly, cacao, line, assembling, sugars., (red,, julienned, peas**, toasted,, tablespoons, penne), leafy, pepperoncini",Bertha Brown
236,41,MALE,10453,21109,pastry,el,"edges, broth, beaten,, source, bellas,, (alternately,, foccacia, feeling, with:, hanger,, health, 350, stripped, (.03, gum, montreal), (needs, thermometer, keep, bags, makisu, 285, filets, tenderloin, combinations, pan(s),, 21c), day-old,, juice., (i.e., size, nicely), use, (and, 475, table, limoncello,, (organic), fruit), sugar, phuang), caesar, (milk, croutons, regular, lb), (yukon, (unsweetened), 1, parsley",Jeff Kellem
237,36,MALE,94565,48523,deli,de,"line, zest,, pepperoncini, too, sauce., crème, sorrel,, napa, (up, meatballs:, (all, alkalized, globe, citrusy), orzo, fingerlings,, (cook, cored, bush's, toast,, let, liquor, (full, fennel, picture, peppercorns), beans),, all-purpose), eggs,, thick-sliced, buy, (monterey, first, (healthy, gummy, sweet, teaspoon+, 4, oysters,, sake, oz,, (confectioners), (angel, 2.5, dehydrated, choosing:, steakhouse, teaspoon, leafy, pith",Mark Adler
238,38,MALE,77479,96118,pastry,en,"(low-fat, started, serranos,, least, burgundy, mixing, gumbo, curried, crustier, colors), spicier, crescents, grating, (500, anise, cashews,, cocktail, salad:, pimentos,, paprika...anything, snow, bean,, reduce, fontina,, teaspoons, pure,, wedges, frozen), lentils*, beef), 3/4-inch, canes,, biscuits, cube,, measuring, dashes), bush’s, jarred, some, trinkets, pinto,, leaves/stems,, pork, (if, butter**, (pecorino,, pumpkin/squash, got, 4.75, 2+",Gregory Brodi
239,39,FEMALE,90805,32565,candy maker,el,"cookies, paste, romano,, blossom, cider, coke, peas, julienned, confectioners', sriracha, preserves, (something, fruit:, peel, #1, (mild, crust, bleached, cocktail, fine, (~105, great, run, 1-inch, citrus, coating:, dry-roasted, squash),, spring, saffron, prep, de-stemmed,, (fettuccine,, (large), cheddar), -sliced, get, overly, cranberry,, cooked,, reggiano, cube,, 22, 1-3/4, tied, bbq,, 20-lb., (plain), pounds, yellow,",Lisa Estes
240,36,FEMALE,10462,33735,sue chef,it,"less, rinsed), beans, replaced, unsulphered, straws, fat), oyster,, 30, read, patties,, little, potatoes,, source, write-up., note), (recipe, note:, substitute, menthe, combination, crumbs*, cut, such, powder/granulates, natural, (~3, 115f, muffin/cupcake, (corn, loaves., glaze, porcelain, cornbread,, gum, great!), moist, (provolone,, pistou, pitted,, (farfalle), 200, shredded, (natural, color), tuscan, 1.5cm, tamari, one), (varied",Beverly Bigelow
241,38,MALE,91706,41621,sue chef,el,"bibb, flute, always, warmed,, pound, fine),, instant), /250, sprinkling, yuba, fettucine-style, post)., every, grape, rose, stems,, boulange., rind, shichimi, extra,, (cheddar,, pancetta, vinaigrette*, serranos), sprigs-worth), wrappers, piece, lobbed, ounce,, (pref., ex:, fine,, 1/8ths, 350f, 1.65, wrappers,, pomegranate,, marinade, variety,, salsa,, (mayo,, dates,, 80ml, endive,, thaw), carrot,, his, everything, 700g, broccolini,",Garrett Lowther
242,44,FEMALE,91709,78336,deli,it,"medium-large, bush's, velvet, cool, lines, currants, cottage, canes,, 15, grained, blackstrap, silpats,, liters, potatoes, (7, canela, burner, brown-rice, (cherry, popcorn*, frisee, large, schnaaps, (bowtie), ale, magazine, immediately), fourths, (turbinado), damp, similar), smashed, isn't, foccacia, blackberries, dough, italian, (breast, 80ml, good), pita, (500, sm-med, balls, napoletana, gram, juicy,, (16, cored,, candy,",Erika Ericson
243,39,FEMALE,11230,32327,candy maker,en,"4-1/4, tablespoons+, tsp.), dyes, capers,, pumpkins, -5, (pinto,, frisee, sweeten, large-flake, barley,, oil),, temperature, brown,, bison,, egg),, especially, straight, wilted, filets, squares, dashes), buy, kernels:, tablespoons,, garbanzos,, gently., gallo:, oz),, (compressed), (8-inches), bite, syrup), 7, necessary, good), alternately,, fuzzy, tasting,, more, graham, bran, buttering, cheez, rectangular, salad:, ingredients, espresso, whisk",Sheryl Catalan
244,41,MALE,8701,35647,sue chef,el,"broiler, lime,, add, fraiche,, serving, marshmallows, mill, caraway, thick-sliced, 1+kg, can), flute, handfuls),, still, sprinkled, (weighed, filling), onions),, 225, refried, wine), way, knox, (stems,, cup),, thin), boxes, sorghum, summer,, fusilli,, flaked, (20.25, anchor, rose, (frank's,, sweetened), baguette, fully, potatoes,, tsp.), cup+, 4-5, taste, capers, inches), punctuating, stems,, overhanging, cilantro(or, 6-7",Glenn Shipps
245,43,MALE,91709,78336,candy maker,en,"(500, 45, millet, blackstrap, (other, heat), chevre,, (hs:, leeks,, herbs,, arrowroot), choice),, 1/8-inch, artisan, patties,, tops), montreal), tequila, decorating, (mine, above, 70f, rib), squares), sauce:, sprig, pints, butter**, louisiana, tuna, cloves,, potatos,, inches), berry, has, russet, ginger,, 425f, threads, chilled, sticks,, (25g), (a, pan-fried), deep, (save, most, should, thin, let",Patrick Parker
246,41,MALE,93722,43256,baker,in,"brand, grind), loose, pan-frying, graham, mushrooms,, grinder,, darkest, florets),, (bamboo, bunch,, carrot,, /100, hanger,, star), blood, want,, (varied, millet, verde, tamari, leftovers, could, (i've, cane, squashes,, buy, kick, fennel, quality, 4-ounce, (whole-grain), glass, scant, dagoba), marzano), (wedge), meatballs:, kneading, (10-12, thin(regular), guacamole"", dot, several, raw,, crusty, salami,, dusting), eggplant/aubergine, ~1/2",Mark Cooke
247,39,FEMALE,78577,24216,deli,gu,"fin,, porter, nectar,, ""cinnamon, hair), (raw), m&amp;ms,, marzano), butter*, walnuts, turmeric., side, color), scallions),, total), granulated, kale, roasted/toasted, (jack, roasted,, 1+kg, with!, 75g, quinoa*, wide, it), (8-inches), unprepared, muscavado, blend:, substantial, dulce, greasing, cornbread, flan:, ozs., tried, do!), shortly, (500, (optional), balls, 2), laloo's, schnaaps, cellophane, extract), doughnuts, broccoli), hulled",Nancy Johnson
248,36,FEMALE,92154,42970,butcher,el,"(5.6, rind,, country, 70, cavolo, table., dip, soup, onions),, (yukon, wafers:, photo),, crimini),, temp, pie, move, (5-6, come, (1-2, oil,, leftover, cider, breast, granulated, (1cm), measuring, panini:, naughty), sprouted, notes), dried,, (11-ounce, tubes, loaf, threads, portions, peppercorns,, bars, silken, bouquet, rounds, cereal, precooked, ex:, read, 400˚f., sound, (i've, zucchini),, capers,",Camille Robertson
249,44,MALE,92509,45995,butcher,gu,"last, 227, serves, tortelli, 4.5, season,, previously, wedges,, choice)., bread,, starter), (scant), almond-flavored, pesto, teriyaki,, green,, adobo, hazelnuts, (full-or-reduced, alternative:, flakes,, (14.5), virgin, box), ounce), parmigiano-reggiano, salty,, actually, needles), 155g, breadcrumbs,, gruyere), (4-inch), pudding, (by, ""sylvia's, flavors), extra-large, kg, globe, 480, blackberries, bags, linguini, for, length-wise,, wine:, oil/, sweet,, /340",Joseph Walton
250,36,MALE,93722,43256,candy maker,it,"alt.), (jarred), parts), stiff, cream:, 1/6, fresco,, video., sparingly), shredded, decorative, containers, taco, (also, coating,, vinegar), margarine,, flavoring, cucumbers,, fraiche, wafers, 210, rind, tortillas:, pork, muscovado,, original, provence, deeply, simple, 700g, slabs, jumbo-style, (crusty),, (evaporated, hazelnuts,, assemble:, germ), thinly,, well, confectioner's, equivalent), season,, muscovado, /.5, slider), mortar, buy, ham, savory",Lawrence Lewis
251,43,MALE,11230,32327,butcher,el,"porcini, plums, texas, organic, sprinkling), beaten,, tablespoon,, ladyfingers, water-packed, 125g, sweetened, here), 14.5, on, boulange., indian, (heidi, notes),, seconds), ozs.), work), bundt, pints), rustic, glass, (place, pineapple), roasted,, strips, onion, come, am, jumbo-style, (medium-to-thin), sugar/honey, rinsed, gems,, (if, (pecorino,, elderberry, peppermints, mostaciolli,, food, de-stemmed, for, rolls, scallions), whatever, slightly, legs)",Percy Lilley
252,42,FEMALE,92804,41887,chef,in,"1%, pork,, 3, fresco,, kaiser, deveined, heart,, roll), towel, see, filling), extra-virgin, crumble, caraway, spears,, nicely., circles, quartered), crushed, (enough, them),, onions,, desert, combined, (70%, spiky, raisins), (earthgrains, jalapenos,, canned), pomegranate, pine, source, caramel, sauce), swiss, unpopped, olive,, labeled, peter, beans), peeled), alternately,, work), hands, peanuts, ginger), directions), brown, (optional",Jean Powell
253,38,FEMALE,75052,60254,butcher,gu,"apricots., trees, pan, shallot, (vanilla, spread., crushed,, pans., salt,, myer's, twenty, gnocchi, basil/cilantro, cider, bouillon,, small-medium, a-p, over, (tiny, what, cashew, pears, thyme, no-sodium), arrowroot, ~1/2, bouquet, flax, sturdy, mustard), b), baguette,, transfer, plum), medium-sized, packed, northern, rind,, mayo, gin, asafetida,, +, bowl., gallo, (30, puree, 175g, beans),, espresso, (good",Jaime Johnson
254,39,FEMALE,60618,41355,deli,ka,"stemmed, marjoram, running, parmesan,, pastry,, oz., toasted,, alternative, sauce*, nori,, guajillo, boneless, grater, thinly, salsa,, pounds),, (arugula), hand, marinade, tomatoes),, 240, whole-milk, on, amounts, -medium, 25, pre-cook, pre-cut, macadamia, (scant, (cheddar, coffee,, mascarpone, top,, asafetida,, **, lobbed, arugula-shallot, pimiento-stuffed, cured, golden., flat, we, thick), sweet, tiny-inch, drop, butter., (additional,, buttermilk,",Mary Lowell
255,32,MALE,85364,31515,butcher,el,"crosswise, flat, lacinato), cara, unbaked, vegetables,, asparagus,, walnut, (melt, flavorings), egg,, stores), addition, scharffen, wash,, both, (roma), 4.5, be, check, (opt), unsalted), (minced), elderberry, weight, louisiana, tagliatelle,, marinade., (crusty),, tightly, using, 1+kg, romano, regularly, teaspoon), buy, apple, hanger,, real-deal,, 1-inch, thin(regular), usually, really, pepperoncinis,, rosewater,, chopped/shredded, post), ketchup, (14-ounce), (500",Roy Mears
256,38,MALE,90201,30029,candy maker,in,"strip, resist, thinly, ended, (coating, lots, capers, paste, frozen,, equivalent), agave, butter), original, 45, pecan, necessary), chestnut, (good), ,, distilled, parmesan,, cool, (hs:, grained, alternative, pieces., cheddar/jack), -2, mill, ravioli, good-quality, (3.4, minced, trimmed, many, (leftover), pak, bouillon, (pork, french, spicier, can't, well-chopped, threads), parmigiano-reggiano,, flaky, dough., shortly, sald, dill",Felix Mosier
257,45,FEMALE,92154,42970,deli,ka,"300g, wraps, (remove, box), grown, wooden, plum), (2%, ribeye, farro,, (hs, 1+kg, 22, yogurt), 425f, gutted, (paste), unwrapped, covered, unprepared, ree's, macaroni, whites,, orange,, porcini, 7-up,, (tiny, 95, limas,, hershey, artichoke, flavorful, peas,, peel), kernals, toasted, posole, charms:, deveined, flatbread, dill),, sodium), 9-inch, 1.5+, serves, 0.25, asparagus,, steak,, fat, potatoes,",Virgil Post
258,35,MALE,79912,48627,pastry,ka,"(from, taste!), amaretto, marinara, risotto., washed, crystals, sweet, traditional, cacao),, puffed, bucatini, muscovado,, cookies:, depending, seasonings), mizuna,, 1/8, one-half, tuscan, 150ml, provolone, bibb, 1½, (natural, your, seconds), pumpkin,, lentils,, glaze,, sturdy, (dried, counter., beans), chickpea-sized, shichimi, cups),, back, gruyere), apricots,, whites,, all-natural, remove, kernels, haven't, all-purpose, haricot, butternut, (4, need)",Jesse Lewis
259,37,FEMALE,10025,49733,baker,in,"tortillas:, removes,, peter, swiss), blueberries,, kitchen, like,, swiss, key, goes, mayo, brands,, run, salty, shallots, fennel, peppers), thick), ham, tortilla, sticks, crumbled, reg., rice*, dates, northern,, always, marinara, water., pinto,, frozen), gorgonzola, diced/shredded, assorted, 1/4-inch-diced, nonalkalized, discard, ""that's, sprigs, (14.5, overhanging, mustard), (regular,, piping, (serrano),, glaze, desired.), hershey's), olives,, (.44",Dorothy Gomez
260,41,FEMALE,30044,60427,chef,en,"fruits,, damp, lemons, blueberries*, ~50ml), (salted, (divided),, (organic), crimp, lb), best!), rhodes), cayenne,, scallions, padano, see, 560, spicy, eggs:, icing, garnish,, soaker, powdered, mayonnaise,, early, infused, (beef,, aluminum-free, (very, (2-3, golden, fennel,, chopped/shredded, nectar), spices:, sauce, maple, squeezing, oily, anchovy, (roma), (5-6, 5), (ikea, artificial, ounces),, (mild, skinned, 185, tomato)",Linda Piere
261,44,MALE,10452,20606,chef,de,"pestle, provolone, pound),, thoroughly, toss, deep, twenty, ripe,, (regular,, farmhouse, grana, slotted, arborio, flour), monterey, (roughly, chickpea-sized, threads, herbs,, lengthwise,, anchor, spread:, dry,, raw,, kernels:, dumplings:, well-crumbled, (.14, slices,, lollipop, (optional)**,, thirds), when, (above), portobello, tater, arugula,, and, (below), orzo,, saute, separated), silken, alkalized, (30-40, peanuts,, (recipe, sheets;, brazil, heads",Mauricio Robarge
262,36,MALE,90201,30029,chef,el,"butter), sprinkles, pepperoni, 6), canned), (place, romano, powder,, 910, butter,, you've, couscous*, lowfat, possible),, vinaigrette),, olive,, cinnamon,, hours, pork,, frisee, flavorganics, extra-thin, pureed, chives/, three), sweet/spicy, (hs, 150, farro,, small,, lentils*, cut, sesame, bunches, cherry, blossom, he, lobbed, lacinato, (makes, grated,, reinhart's, ozs., brazil, simply, rice-sized, ceci, wooden, main, non-alkalized",John Mark
263,43,MALE,77084,53075,deli,gu,"(20.25, oil, box, cubes,, togarashi, coating:, heat., spices, good,, cabbage, lemons,, greek-style, crumbled, tortillas, sticks), tossed, puree,, hearts,, 355, herbs:, dark!), seaweed, marnier,, (24-28, 185, egg, pans, agar, turmeric, lots., 2/3-inch, cauliflower,1/2-inch, savoy, spread, buttering, segements, leaves/stems,, non-fat, oz/, alt.), chives,, back, thirds), hair), non-alkalized, equipment:, mexican, bocconcini,, prosciutto,, piping",Stanley Squires
264,38,MALE,77573,68458,candy maker,en,"sticks,, can,, pinches, (medium), rolling, (6-ounce), blossoms, mandarin, their, oven, together, yeast,, med-high, juicy,, drop, cinnamon, going, dressing/marinade:, 4-6, alt.), (~1/4, 130, rib-eye, spaghetti,, sourdough, milk), works, machine, chilled, de-stemmed,, only,, mellow, mixed, more), cayenne), trim, counter, (cut, sumac*, thick), source, soba, holidays), cheese., brandy, basket, discarded,, past, garlic,, 1-",Donald Stevens
265,40,FEMALE,78572,23799,candy maker,de,"nero, lima, guacamole:, midway), so), these), crackers, ounces;, red, shrimp, slivers,, range, artisan/crusty, am, almost, pods,, (.03, (crusty),, lettuce), strawberries,, shallot, milk,, grilled, heirlooms, globe, cherries:, fine), poppy,, roasted/toasted, low), haven't, 500, stencils, crostini:, sunchokes,, (replace, grainy, stems, using), gravy, crimp, type, tip,, marjoram, radicchio,, chile, anise, tomatoes),, 80/20, eggplant/aubergine",Priscilla Cain
266,29,FEMALE,77584,70113,butcher,de,"sour, peppers, beans), cucumbers,, extract,, worms, oily, (scharffen, (allow, (11-ounce, (earthgrains, coated., shell:, deciliters, muhammara, brush, button,, germ), pork,, 120, smoked, tri-color, gouda, bouillon, lightly-flavored,, (1.8, ham,, moisture, glass, souffle, excellent!, puffy, dollops, thinning, gumbo, needed., nuts, trini, aside, consistency), chevre,, artisan/crusty, bean, kiwi, vinaigrette***, ready-to-cook, (cooked, generous!), figs,, thick-sliced",Mary Rodriguez
267,35,FEMALE,90280,35744,candy maker,ka,"tahini,, flavorings), all-natural, +, roasts, eggplant,, .5oz/, whip, preferred, 125, parsley, (also, toast, molds, top,, strainer), length-wise,, kahlua,, grinder), gloves,, chipotles, cereal, 300, kitchen, comparable, chiffonade, dark-brown, (vegetable, additions!), iceberg, wheat, crown,, covered, dagoba), want, 6+, tops), tk, cornstarch, goat, dish, rounds., above:, (10-12, (200, 7-8, rigate, kind, freshest, (don't",Lisa Herman
268,40,FEMALE,89110,43073,deli,ka,"tenderized, 1arborio, shallots, ~50ml), finishing, florets, dried,, yeast,, 10g, crunchy,, crepes,, (sirloin, bbq,, photo), toasted,, mashed,, option), (peel, 2t., extra-firm, (, 1-1/8, ahead, sticks,, minced, well-strained,, everything, (tenderized, onions),, fragrant., necessary., brown-sugar, 109, total),, farmhouse, (frank's,, sirloin, 340, thirds), coriander, michter's), yuba, mexican, reggiano, florida, crimini),, eggs, pimentos,, less), of)",Harriett Martinez
269,45,FEMALE,10456,16664,baker,in,"alter-eco, bags), tied, verbena, thyme., peanut, patted, gutted, whip,, pim's, ~2, stuck, 2.5-cm, cup, process, gems,, 1/4, (or, turmeric., coriander, homemade), soft), gravy, 9, caper, charms:, where, artisan, microplane-grated, broccolini, gouda, 95, dice, (drained, kneading, greens:, (1/4-inch, ozs), maple, thick-sliced, didn't, prep, segments,, **slightly, (very, sugar., (thai, pressed, unprepared, eggs.",Amira Richardson
270,43,MALE,93550,37484,sue chef,el,"cheddar, vegetables,, enough, x, caper, o.k., packages,, powder), figs,, jumbo-style, snow), breasts, 910, (half-and-half, glugs, edamame, tortilla, whip, (crisco,, hazelnuts,, serranos), (frank's,, stores), soda, fresh,, star, when, hate, pepper, black, sorrel,, shells, kitchen, tub, booze, grind, caramels,, ever"", flower, center, plump,, individual, solid, fine-grained, crackers,, quart, macaroni, wedges,, low-sodium, pumpkin",Jamal Christmas
271,36,FEMALE,10029,22232,chef,de,"biscuits, steak,, 130, puffy, well-chopped, (this, greens, dressing:, 28), preferred), 0z., gold, krusteaz, almonds, (replace, (dark, suspect, carrots),, club, low-sodium, tomatoes, farmers', cornmeal, mission, browns, spreadable, parmigiano-reggiano,, cereal/granola), vine, hanout, crunchy,, (long-leaf, plum), (optional;, video., 55g, rice*, gave, yolk, buttered, cored, set, pineapple, bison,, modelo, fat-free, tofu), hands, vodka, spicy;",Vanessa Packwood
272,34,MALE,79912,48627,deli,de,"spoon., always, (this, sweetness., labneh:, dressing/marinade:, (coriander),, wash,, taco, pure,, kernels), prosciutto,, feta, 1/6, sprig, option, stew, edges., typically, cavolo, lillet, (wheat-free, olives., fresh), (around, saucepan, nicely), baking, want!), flowers,, together), husk), cherries:, check, shortening,, guacamole"", 2), silver, angle, we, borlotti, 14-ounce, (100, whiskey, (milk, (drained), filled, sifting, case, -3",Robert Ross
273,44,MALE,11373,38151,butcher,el,"/15, 225, charms:, (3-ounce), scan, turnip, semi-sweet, sturdy, legs, (white, unrisen, coffee,, 1/8ths, canes,, haven't, brown-sugar, (celeriac),, (carefully), anise,, check, crust"", pounds), (chocolate, steam), bean,, turn,, dough"", dollops, crackers,, cored,, scallions,, artichoke, chicken,, raisins,, crab, gold, prime, equivalent), (see, (9.9, pimentoes,, return, skillet/pan, 160g, (bamboo, large-flake, micro, blue, goo, bananas",Efren Fenwick
274,41,MALE,78572,23799,sue chef,it,"vinaigrette:, urid, rigate, raz, cupcakes., gallo,, crustier, tabasco, 1.6, shortening), tend, colorful,, type), g,, 450, stem, (175, green, out,, crème, (room, (tomatoes, chex, (125, (serrano), 8, above:, (coating, dumplings:, fraîche, dal), dogs, best, 10, (peeled), med-hot, pestle, litres, pearled, limoncello,, crusty, (lite, skewered, (vanilla, 910, lentils),, well-toasted, 380, moscato, (red,",Frank Arnold
275,36,MALE,92804,41887,sue chef,gu,"shelled,, (one, peeled), ""sylvia's, whisper, leaf,, (little, cilantro), 135, notes), paper, 35, tahini,, tortilla, 1/6-inch, rub, cabbage, nero, mirin, 1/8ths, +, spices:, palm, standard, unwrapped, (optional,, beans, a-p, bits:, peel, (around, tart., (small, melted,, 0.25, mozarella, fourths, flavorful,, (baker's), pieces., packages, head, miracle, (21, hickory-smoked, oz.}, mayonnaise,, cereal, fennel,, fully",David Southard
276,41,FEMALE,60625,40083,sue chef,el,"surface, (4, cleaned, whirl, yet), brazil, 1.2, carrot,, dice, raspberry,, capers,, flowers),, starting, rounds, remove, muffin/cupcake, (reg., quickly, green, thick, (optional,, (light, vegetables, lettuce, lard, hearts,, plums,, large-flake, ~5, radiccio,, wing, gelatin, (100, muscovado), 3.5-ounce, cheddar-jack), pressed, lamb's, squash, krusteaz, yolks), fingerling,, reinhart's, tablespoon, peas*, pepperoni, liqueur, one), half-and-half), 6.5",Marlene Galvan
277,43,FEMALE,93307,26462,baker,en,"(1/4-inch, you've, sized), blend:, cavitappi), she's, (watermelon), artificial, good, pretzel, week., storebought, mozarella, spice, great, cereal, (200g), noodles, all, (20, dal), madeleine, tiny-inch, /4, pack), taste, (room, tablespoon), 15-ounces, bulb, broccolini, tomato,, flavorful, cored, (basil, medium), lb), leftover, cured, spoon., muscovado,, hearts,, patch, tough, _____, (makes, ml.), 1cm, together), sound",Debora Fatula
278,33,MALE,90250,33656,butcher,it,"(in, cooled, scallions), everything, (salt-free,, sriracha,, quartered,, (additional), working, limoncello,, 1/4-inch-thick, rinsed,, brown-sugar, cabbage,, phyllo, teaspoons+, (totally, and/or, actually, peanuts, kahlua,, tasting,, 0.25, (brown, (large, grapefruits, 12g, ""pico, russets, dutched, hershey's, overhanging, (heidi:, brand,, cavitappi), sunchokes,, below,, parsley,, 190g, 454, verts,, rack, magazine, spaghettini, these), container!), sweetness., nibs, mountain, squash*,",Albert Parker
279,41,MALE,11355,36973,chef,it,"half,, beans., t-bone,, myer's, pluots,, discs, (optional)**,, bourbon, sit, lunch, oz, negro, (cut, ziti, vegetarians), 2), stalks), ounce), active,, runny, almonds), puree*, amaranth,, pearled, garlic, buttermilk,, chile, crosswise, (next, hands, flavor, ready-to-cook, spreading, dollop, shortening, acorn, -2, chimayo), celery,, flax, 115f, bulgur, (15-18, spaghetti, carob, go-to, in, 35-ounce, (4, seasoning",Paul Beaman
280,39,FEMALE,11355,36973,candy maker,it,"grapefruits, kosher), great!), 155, (room, over, 425, (small,, pack), sweetness, time:, 25, oat, towels, tortillas, /55g, chopsticks, (plus, trimmed,, (divided),, pitted., vegan, burgundy,, avocados,, english, berley's, scraped, edges., (canned), remove, fudge,, beaten, grillin', (15.8, 55, butter**, each,, (mine, maple, crispy, ribbons, (real), (baker's), natural), thick,, shallots*, flip, dates,, additions:, peppermint",Cynthia Walston
281,39,MALE,926,26306,sue chef,gu,"olives., tied, small-med, sausage, preferred), (blackstrap), flageolet, brie, (paste), wont, mizuna,, quarts, sliced*, slider, bulgar, headnote!), pecans, meyer, preparing, squash*, medium),, pistou, brine:, sodium), butternut, adding, 385, notes, slicing, minched, vert,, .5, peel, this, lumps, slices/chunks, 215, artificial, third, with!, return, stalks, ginger), (granulated), dried, skillet), suspect, hard, (frozen, pints",Patrick Rose
282,37,FEMALE,78572,23799,butcher,it,"menthe, pan-fried), crust., guajillo, finish:, shredding), jack), (enough, while, oil-cured, 240, cremini, plump, expose, well-chopped, cubestonic, stirred, quinoa), iceberg, uncooked, well-crushed, nicely), side, 4.75, brushed, teaspoons, fresco), large-flake, combined., cognac,, were, combining, binding, actually, pans., crisps, (16, can), bigger, sturdy, suggestion), envelopes, cucumbers,, mixing, flaked, /100, needed,, (made, spinach, transparently",Grace Moore
283,43,FEMALE,92376,37568,deli,de,"grain), toast, clarified, (low, chunky, brown), puffy, (minus, (3.5, foccacia, gold,, roughly, quart, port, oil/, bowl., first), cinnamon,, (measure,, unsulfured, thin, regularly, pears, gram, pan(s),, barn, phuang), cracks), chickpeas, tablespoons, been, twice., bunches, chipotles, lentils, ginger, notes), hazelnut, brush, ""beans, pine, scissors, sugar/salt, 2-inch, day-old,, total),, toffee, mung, (we, gallo,",Judy Smith
284,36,MALE,77479,96118,butcher,ka,"(25g), alt.), punctuating, cardamom,, runny, gallons, one-half, overnight, press, mortar, (115, mild, perfect, soft-rind,, 160, lasagna, double, pasta., spices:, (angel, hearty,, tip,, slicing, cooked, she's, 13.5, limoncello, substantial, orzo,, bacon,, batter, 85, extra-firm, cup(130, steam), dashes, canned, vinegar, heat., towels, vegetables, real,, fronds, saucy, plums, arugula,, rice-sized, diameter, fat-free, swiss)",George Doucette
285,38,MALE,10468,26852,baker,el,"oat, gruyere,, serrano), boil, wilted, got., sir, rind,, boneless, oil/, cranberries, chickpea-sized, 1//2-inch, (either, uniform, halves, shoyu), blistered, tart., tofu, then, file', mixture*, (baby, paste:, flaky, ears, fresh, browned, eucalyptus), unprepared, whole-grain, frozen,, (fragrant), over, caesar, ~, norther, tamari, each,, flavoring, crust, nutritious), shell, wedges., straws, (celeriac),, tuscan, 340, oiling",Michael Campos
286,43,FEMALE,10468,26852,chef,el,"sugars., various, drizzle., 1/6, apples,, semi-pearled, dijon,, real-deal,, heather, 2-3, sliced*, unpeeled,, enough, russets, sumac, also, crustier, of, ""croutons"", hickory-smoked, she's, note, (paste), vinaigrette, while), fraiche,, strawberries,, (cherry, provence, hours, blackberry, anyone, pan, mint, holding, button, i'm, stirred, fleur, spices:, ricotta, (whole, cannellini, (good, 155, photo),, alley), coriander), 1.75, endive,",Staci Ziad
287,32,FEMALE,66062,68682,deli,it,"crumbed, brown), muenster), sweetness., well-crumbled, while, (tenderized, stalks, it, handfuls), ot¬her, should, prosciutto, curd, /chickpea, duncan, vegetarian, -medium, (milder), immediately,, lentils, their, (crusty),, unpeeled, extending, breast), potato,, m's, provence, masa,, bowl:, thighs, sriracha,, broccoli, mins,, bacon, above),, red-pepper, grain/sushi, pure, ""beef, coarsely, (good, bacon,, blackstrap, fragrant,, equivalent), mayo,, ounce), me:",Pauline Jun
288,43,MALE,87121,34359,candy maker,it,"clover, cookie, wide, 255, (see, slivered, oreos, mascarpone, rehydrate),, envelopes, borlotti), garam, sauce., picture, tangy, (1.8, ~3, seeds*, (icing), (needs, gnocchi,, iceberg,, pod,, ""tenders"", graham, runner, italian, 910, soup, counter, segments, (low-fat, whisper, centimeters, cider, (190, bay, regularly, nectar,, french, burgundy,, cans, smoke, (46, tamarind, head),, chile,, avocado,, charlotte, husk)",James Brown
289,40,MALE,91706,41621,sue chef,en,"thinly,, gram, dal), (15.8, husked, cubes, into, excellent!, wheat,, tops, trading, whole-milk, allspice, /100, cracked, serve., handfuls),, prepared, sodium), haven't, (dried), poppy, ready-to-cook, roll), square, guacamole"", loaves., kabocha, pumpkins,, certainly, save, 225, (chocolate, they're, butt), posole, find),, first),, heirloom, arugula,, kitchen), sweetened), small/med, sirloin, temperature, necessary., aside, fraîche, brioche, dino",Kenneth Smith
290,38,FEMALE,92336,55340,baker,it,"4.75, self-rising), oil), save, tenderloin,, (cook, (almond, one, herb), chanterelle, too,, peas*, kale,, (26-30, tossed, uncooked, chilies,, yolk, reinhart's, grain/sushi, paper, taspoon, (lacinato, puffed, my, paprika...anything, one-half, (butt), (16, quality, shallots, (i've, whisper, spices, (4, raz, kosher, 1-, pickles., play, dr., bought, (swiss,, in., gallons, matchstick-thin, (yellow), pickles), surface, pinches",Andrea Benedetto
291,34,MALE,93535,39747,pastry,in,"liqueur, much, organic), asiago, pounded, milk), nonfat, havled, abuelita, pinches, fryer, don't, 453, times,, (weighed, (heidi, cane, part, onto, really, lot's, tortillas:, consistency), sifted, orgnic, look, peaches, slabs, micro, (again,, broccolini),, add-ins:, colors), well-pureed, limes), spice!), headnote!), rehydrated, serving, peeled, bison,, leaves), well, mizuna,, cardamom, boiled, lundberg's), savory, crush, tomatoes)",Gene Barnard
292,39,FEMALE,89110,43073,candy maker,el,"75g, beer,, i, post), as, chunks, germ), superfine, cacao, sharp, fine-grained, flour, charms:, baking, sauce., skillet/pan, bourbon, (190, poppy, mesquite, peas, cup+, temperature(!), tuscan, (or, greens:, pliable, used, lemon,, leftover/pre-cooked, (pecorino,, (evaporated, nonstick, couple, yellow, bhutanese, (to, you'd, 13, (corn, it), cassis, 20, mizuna,, seasonings), meyer, 12-14, flavored, 1-, teaspoons+",Martha Nygaard
293,36,FEMALE,77429,78527,sue chef,ka,"romaing, dente, 14.5, angle, bars,, mission, bag), blossom, reinhart's, 1/6, recipes, peeler, 300, lasagna, (sometimes, (whole-grain), pesto:, oily, counter., fine-grained, farfalle, chips/chunks, 65g, thoroughly, pieces,, mini, 24, degrees), yuzu, crown,, (breast, jello, (heidi:, envelopes, should, jalapeno, edible, lime, miso), (scharffen, picture, intact, salty,, spread, together)., 1/3, (large), sheets, really, salad:",Debra Brown
294,43,MALE,11207,24163,butcher,it,"stracchino,, souffle, bottle), (quick, (25g), splash, (scant, last, peachs,, anaheim, maraschino, fusili,, hash, (21-26, by, tend, (packed), hours,, (100g), (good), pickles., technique., stencils, trees,, soup:, saffron, (or, topping:, haricots, we, verts,, puff, dip, bittersweet, broth/stock, that, pecan, stripped, jack,, 5.5, rectangle,, notes),, eggplants, mushrooms), spread:, reduce, hearty, serve., sliced,, (minced)",Lee Jackson
295,42,MALE,8701,35647,chef,en,"(sweetened, pimentos,, alternately,, icing:, tacos, 1/2-inch, headnotes), eucalyptus), 40c, cups),, crisp,, grinder), (8-inches), anejo, fig, (lots!), you're, 140g, 1, padano, lima, (good, (angle), marinade/sauce, pie, goat, cocoa, madhava, gumbo, (baby, chipotle-tomato, (mild, polenta, lettuce), (drained, lb.),, real, cracks), meaty), (~3, patch, cremini, muffin/cupcake, sharp, (superfine), frying, good!), low-fat, container!), raisins,",Ralph Sifre
296,38,MALE,11219,26648,butcher,el,"5-, fine!), lengthwise, beaten,, kernels), mashed, grand, 1cm, farang, brown, amounts, mine, mushrooms:, bottle), desire), inches), asian, guacamole, cured, flower, pommade:, boil., numi, vitasoy, paper-thin, (scant, 1/3-inch, strong., kirsch), nonalkalized, juice, basil, especially, torn,, pearled, needed:, potatos,, purpose, juice), sweet,, cup), oil), pitted,, pinenuts,, brie, filling., hair, potatoes, (sometimes, melts",Oscar Forsythe
297,36,MALE,77083,52931,baker,in,"melon), chevre,, peel), chops,, red, scallions,, temperature,, ""beans, 140, colorful,, bark,, ready-to-cook, cottage, roll), packets, /340, variety,, ones, pressing, with:, walnut, cilantro(or, chile, your, combined, serve, cinnamon, pieces,, preference., crescents, fingerling,, oregano, (good), crumbs,, #1, thick-sliced, pulp), amaranth,, (medium), 2%, large), drained,, veggies, mango, crusts), syrup, tablespoons), ricotta, norther, stock,",Clayton Simms
298,37,FEMALE,11368,34746,chef,it,"powder), skip, greens:, chard,, el, pistou, nutella, 2, 65, molds,, tagliatelle,, ounces, fraiche, russets, 40c, vinaigrette),, (*see, cauliflower,, fuji, broiler, typically, squash*, aside., pickles,, chops, balsamic, together, lentils*, 10-inch, cilantro(or, mix), semi-sweet), cannelini, demerara, unflavored, shrimp,, nectar,, headnotes, berley's, jumbo-style, following:, spread, fruits,, one,, t-bone,, (optional)**,, (bamboo, medium/large, (whole-grain), (wild)",Ida Gray
299,45,FEMALE,10453,21109,deli,en,"cleaned,, temperature*, bunches}, (other, chicken), napa, i've, nibs, pan-frying, pepper), bay, yogurt,, mix,, purple, gnocchi, sprinkling, sticks), (opt.), bamboo, (pork, press, sorrel,, (baby, fluffy, whatever, anise, thin-skinned, peel), times,, christmas, bit,, meat),, shake, coke,, touch), turnips,, preference, berries,, 400g, (packed), grained, (and, (1/4, peas, no, (dark, envelopes, fruits,, especially, reserve",Felicia Fields
300,33,FEMALE,28269,61899,deli,el,"gold,, always, 500, crusts, cinnamon, 1/4, knob, milled, cereal/granola), diameter, carrot, sweeten, wedges., mushrooms,, mat), (quantities, chili, alfalfa, second, serrano, (good), chops:, raviolis, a, extra-large, salty, 85, el, cilantro/coriander,, seed,, after, large-grain, aisle), pw:, 35, (spicy, amaranth, 340g, nettles*, tips, recipe., (red,, trinkets, meatballs, shortening,, pureed, (the, chocolate, peppermints, arborio",Rosie Hall
301,42,MALE,91911,38010,butcher,in,"dip, paste, -purpose, rice,, quite, ingredients,, {4, acorn,, crystaliized, (wheat-free, (chiffonade), cups, shelled,, dagoba),, unbleached, (3.4, 15-, desire), forgiving, pin, onions),, savoy, day-old,, peanut, (24, 6.5, (remove, recipe, (more, 55%, skim, pressing, chorizo), curd, fried, diameter, again, sure, ~1, duncan, brown,, pan-frying, choice),, sriracha, bran, taste, leaf, dollop, but, radish,",Scott Smith
302,43,FEMALE,10025,49733,sue chef,gu,"round,, strong., granola, stems, scrubbed, masa, shallots, emmental, pasta:, dusting), ladyfingers, eggs,, regular), pods,, molds, jumbo, (two, better), self-rising, only,, berries*, pea-like, relish, 245, (non-dutched), tablespoons,, dusted, couldn't, asparagus,, 15g, rib-eye, quartered,, adult, pounds, possible;, fish, 113g, leaf,, post)., turkey, cubes), picked, locally, (mache), non-flaky, dish,, spears,, preferred), stalks),, pluck",Margaret Chan
303,41,FEMALE,91342,48744,candy maker,gu,"mustard,, substantial, (good, nutritious), powder, pommade:, mist, pepper., decoration, shells), meal, lawry's, cooked*, together)., 60ml, just, other, loaf,, quinoa*, up, plate,, unwaxed,, tofu), optional**, until, 20-30, smaller), (approximately, quarts), butter,, slices,, wholesome, option, marzano), micro, (1/4-inch, crust, similar, olives,, (healthy, jello, (105, morning., _____, squash),, toast, dried,, (1.8, (28, 20",Jeri Baker
304,33,FEMALE,30043,71424,butcher,ka,"jalapenos, ¼, tasting, and/or, crepes,, cranberry,, think, -------------------------, (small, de-stemmed,, 15-20, prefer),, variety,, cucumbers, dough:, untoasted, (toss, salad., grade, sugar-mashed, hickory-smoked, minutes, cutter, oregano, clothespins, infused, around, berries,, pan-frying, (muscovado), such, matchsticks, farmer, water*, montreal), 1.75, tart, anaheim, low, cracked, black,, pastry), package), (125, cashews,, choosing:, unbleached, well-chopped, peppered, tossed",Jeanette Stewart
305,45,MALE,28269,61899,sue chef,de,"mesquite, semi-sweet), rhodes), plums,, ham), chilled, one-half, marinade/sauce, boulange., dulse, head, artisan/crusty, (more, temp, with!, crushed,, (46, (or, diced), filling., lowfat, limoncello,, cups,, plenty, montreal), beaten, choosing), trimmed, edges, (generous), brushing, decorating, (good,, kosher, 2.5, 320, whiskey, myer's, removed, phyllo, broccolini,, (3-4, flax, (monterey, meat:, such, tip,, kernels, (optional!), folding",Brian Odom
306,40,FEMALE,92154,42970,butcher,el,"almonds,, lawry's, brisket,, san, cilantro/coriander,, ~2, (don't, alternatives), (heidi:, regular), sticks, real-deal,, firm, mints, unprepared, (organic), perfect, additions:, double, guacamole"", herbs,, diameter,, savoiardi, butt, (opt):, non-stick, t., (or, dough"", instructions, 15g, store-bought, thighs, garbanzos,, (lemon, squash*,, buttering, broiler, size), ricemellow, wine,, spears, (unsweetened), cooking, nectarines,, type), (powdered), ghee), bush’s, 1/4-1/2",Nikki Griffin
307,43,FEMALE,11373,38151,deli,el,"look, total),, garam, regular, slivers,, brew, buy, magazine, well-strained,, me:, **slightly, top,, available),, (corn, 30, cup/, getting, mixture, mix:, brewed, oil-packed, g), empire,, one),, assembling, chunks,, 2), fingerlings,, unrefined, bite, apf, (toss, (23, meat:, swiss, (120g), oregano, he, got., regular,, parsley,, fronds, parmesan, plums,, 1/6th-inch, 62%), diameter,, tenderloin,, (makes, (heidi",Lillie Quinn
308,44,FEMALE,91342,48744,candy maker,gu,"mozarella, raisins), tossed, rocket, fried, 40, scrubbed, cola, mushrooms, grainy), seaweed,, root,, juice*, line, pods,, galangal, blackberries, quartered, like, cajun, moisture, open, alralfa, acorn,, you're, taste!), de-veined, (quick, nonalkalized, oil., pan-fried), marinara, crushed, thinned, chilled,, using, fat-free, machine, (half-and-half, 6+, muhammara, chop), (allow, well-chopped, peter, w/, wine,, (chopped), leaves/stems,, figs,",Irene Keenan
309,37,MALE,77584,70113,candy maker,en,"core, assemble:, seed,, cauliflower, and/or, 450, (may, 60ml, (substitute, interior, 1.6, (tenderized, patted, strawberries, 453g, oil/, locally, warmed, pappardelle, turkey,, unsweetened, scrubbed, of, cheddar-jack), baby, glass, smashed, buns., are, flavorful, orzo,, fontina, harissa, norther, loosely, dashes), adding, and, greek-style, greens,, orange), artichokes,, spelt, yolk, 15-ounces, pimiento-stuffed, b), needed,, (green, oil)",Jack Berrian
310,30,MALE,11368,34746,candy maker,en,"mild, coffee, crescent, room-temperature, sugar), quinoa,, segments, leaves),, old, oz, lentils*, (thin), sumac*, ganache, organic, alternative, grain, dijon-style, slicing, filling., any, (reserved, pieces,, interior, bitter/spicy, (full, (medium-to-thin), dente, hand,, favorite), (walnuts,, figs,, solid, numi, uses, you, (white/black, dusted, chard,, eggplant, size, kaiser, b), removed,, following, #2, seaweed), especially, sm-med, jalapeno,",Enrique Hazel
311,36,MALE,11219,26648,sue chef,in,"hash, flank, top:, pods,, snipped, plum), herbs), (see, deveined, day-old, bean,, (regular,, tacos, cream, can, grainy), press, endive,, tablespoon), (needs, (mache), splash, an, serving, shakes, 64, scallops, bottle, pinched, super-puffy, 380, (fresh), additional, pesto, kisses,, julienne, stores), (18.25, more, zest), sweeteners,, 65g, baguette, each,, (vanilla, fresco, file', frank's, cheaper), greek)",Nicholas Santiago
312,44,FEMALE,77479,96118,candy maker,gu,"coriander), (.11, (5.6, canned, cutters, tart., hershey's, peeled., tip, gruyere, skillet:, bit-sized, fixins, instant), artisan/crusty, onion,, .25, rice*, brussels, ones,, champagne, orange), (24, need), steaks,, (scallions), could, taspoon, dusted, uncooked, cilantro,, 2-1/2, refrigerator, berries),, chives,, 9, berries, skinless, off, cheddar,, generous!), liking, russets, dusting, muscovado, pepper, chops), said, tomatoes), tsp.)",Lisa Bently
313,46,FEMALE,60618,41355,butcher,de,"bean), buttered,, shavings, passing, cupcakes, oversalt!), refrigerator, pint, (arugula), molds, milk,, puree), 2-1/4, crystaliized, pineapple,, 14.5, while, (varied, ricemellow, shrimp,, strainer, 9, basil/cilantro, (in, non-sweetened, fresh/dried, brown., ml), cocktail, za'atar, toffee, apples,, add, heat,, needed), jacob's, 155, make), can, (best, fava, quartered,, haricot, candies, bacon,, liquor, berries),, interior, winter, no",Vera Eddins
314,36,FEMALE,77449,59198,baker,gu,"4-section, oil-cured, tofu), stiff, damp, 170g, flour, (14, degree, total), i'm, semi-sweet), preparing, i'd, pre-cut, ginger, (i, (less, noodles, grown, fresco,, lines, cups,, room, (heaping), pan-fried), coffee, squash,, thinly,, made, cashews, hershey's), 415, (egg, anise,, tops, (cook, (to, addition, etc), grillin', summer, spinach, skillet,, indian, aged, market, plums,, (10-12, cooked,",Priscilla Dugan
315,31,MALE,10468,26852,chef,ka,"typically, prunes, jumbo, gruyere), picked, (lots, {~3-4, ground, 2/3-inch, ever"", barn, russets, three), spiky, acorn,, yet), peel, serranos), if, his, 1-1/3, (number, teaspoon, bias, (scallions), dulce, double-crust, cloves,, stalks),, buns., juicy, 1/2), bottle, rim,, oiling, knife, bocconcini,, chile,, 1/2-inch, lowfat, sushi, cherries, 14-ounce, thumb, job)., carob, manchego, beluga, kg, would",Juan Butler
316,41,FEMALE,75217,31532,deli,gu,"or, cilantro, putting, cans, 115f), honeydew, merlot,, handful/scoop, mini, black-eyed, almonds,, numi, should, (hs, (groats), mexican, amount, that's, lettuce,, well), (11-ounce, porcini, market, baked, fruit/berries, adjust, saute, (depending, gruyere,, bigger, post)., towel, (scallions),, 6), white), well, pasta,, salty,, chanterelles, butternut, extra, lump-free, (salt-free,, al, fl, dr, drizzle, el, gem, barn",Debra Brucato
317,40,MALE,75217,31532,pastry,gu,"muscavado, quick, chops,, canela, (18.25, vinaigrette*, pastry,, (fragrant), cooking), roll, slices), blend*, nuts, it),, 180, adiitional, 340g, powder, salt, (15-18, whiskey, turmeric, used,, shells), sweet, dozen, walnuts,, honey-champagne, wafers:, daal,, needed:, tablespoon, stuck, clean, lolipop, diced), recipe, fiesta, cups+, blanched, minute, chives/, tropical, port, (jarred), mortar, free), melon, marjoram, ~1/4-inch",Antonio Sherrill
318,37,FEMALE,11219,26648,sue chef,in,"yield, napa, roughly, overly, washed, pluots,, 45, crumb, recipe), kidney, filling., unpopped, 65g, cups), tuna, quarters, bark, grind), crackers, well, zest), (plus, clean,, meatloaf:, containers, pepitas), sliced,, sift, cattle, (homemade, (corn, (sliced, locally, artichokes,, 1/4-inch, immediately,, mexican, consistency), processor, spreadable, mezzaluna, farmer, asiago, decoration, grapes,, (diagonally), temp, condensed, towel, dusting)",Stephanie Crouch
319,36,MALE,60625,40083,chef,de,"fontina, spanish, parsnips,, (3-4, pimentos), rehydrated, packages, juicy, noodles, arugula,, farmhouse, desert, package), shakes, (24-28, russets, fluff, 185, (butt), (sirloin, five, shavings, shelf, farfalle, fruit), stores), pumpkins,, favorite), used,, de, alphabet, chives,, 21c), (feel, (chopped), (.11, (~1/4, soft), cheddar, each), thick), stock, smack, oat, thirds, shortly, powdered, toasted, pound), peppers",Richard Showe
320,42,FEMALE,93065,72384,butcher,gu,"pure, brown-sugar, berries*, whisk, those,, berger), juice., crouton-sized, (made, total),, agave, cinnamon, strips, 1/4-, fresh/dried, grillin, smearing, 680, masala, grams, most, acorn, (yellow, cored,, nonalkalized, before, tablespoons+, cans), canaola, (675g), 2.5-cm, unsulphured, sticks,, dumplings:, strawberries,, type), cool, cream:, capacity, nectarines., (mild, mushrooms), manchego, wafers, tbls, nice, tin, kale, add, eggplants)",Jordan Deno
321,38,MALE,60629,40279,butcher,en,"6-7, tomatoes),, grain/sushi, de, 3x., (additional),, thyme), bone-in, (2%, oreo, m, (big, ketchup, casseroles,, 16, (tomatoes, sweeteners, hanger,, 2-1/2, christmas, velvet, 340, oats), old, brand, 500, puree,, fish, (14.5), sprinkle, flavoring, (deseed, pounds),, peachs,, thirds), rehydrated, (salted, chop), 2.75, lemon,, ribeye,, 8), .5oz/, lebanese, first, stalk, bouillon, grand, crystals), whiz",Richard Fitzpatrick
322,38,MALE,93307,26462,sue chef,gu,"extra,, (soft, 10g, broccolini,, moons, left, ciabatta, immediately,, golden, double-crust, self-rising, scrubbed,, less, fluff, oversalt!), down, sweetness, stalks), hearty,, need), tōgarashi,, like., butter:, slightly, anaheim, wedges,, water*, serve, preferred, (stems,, flakes,, pods), sliced/chopped, much, cranberry,, (canned), small-med, butter, meatloaf:, darkest, vanilla, italian, syrup:, stock, root,, cheddar), pimentos,, packages,, lump, bread:",Paul Lawrence
323,31,MALE,926,26306,pastry,it,"rich, zucchini), yellow,, make), regular-sized, broth), puree), jumbo, adult, 130, pecorino, usually, (oats, chips,, good,, gray, (coarse), risotto., temp, (reserved, tossed, herbs), is, ones), pitted,, bone-in, feta,, sugar*, 170, boiled, bag, (200g), sandwich, taste,, bulgar, sifted,, pepitas, fraiche, unflavored, in, (add, apf, 2), casseroles,, seasonings, emmental, russets, bit-sized, temperature), pimentos,",Edward Caldwell
324,41,FEMALE,77584,70113,pastry,gu,"jewel,, handfuls),, diameter, rigatoni, clean,, pancakes, plus, bush’s, filling, fluff, florets, (salted), teriyaki, ingredients:, cubes, he, type, (sweetened, crème, marinade:, havled, chips/, whipped, seasonings), (manouri,, g,, desired), seasoning, grind), stellette, sake, melted, photo), this., got, vegetarian, rim, yukon, shallots, norther, greek, out,, chestnut, fruits,, option), guacamole,, ""pico, whisk, (21-26, but",Blanca Gonzalez
325,44,FEMALE,85364,31515,candy maker,ka,"rinse, (5.3, pods, turbinado, tasting, 9-inch, roses, stemmed, timbale, add, grain/sushi, thin,, stracchino,, pilsner, gnocchi, horseradish, tablespoons+, cayenne), (semolina, sweetened, refrigerate, soaker, (500, veggies, kitchen, (scant), bulbs,, color, worms, hard,, cherries:, save, duck, pans, cheddar/jack, crustier, edges, whipped,, alley), sorghum, quickly, pastry,, spray, squash*,, brisket, dashes), beans,, shichimi, warm,, pasta.",Robin Boone
326,38,FEMALE,11212,20839,deli,in,"bread:, (~3, solid, (horapaa), l, 6), marshmallows, powder,, artichoke, plum), /250, chopped), (cut, kick, (natural, cube, (do, lemongrass, another, 1.5+, zucchini),, (14-ounce), unbleaced, g), crepes, porcelain, parsley,, garnish, tabasco, hazelnut, (1.2, trading, 500, want, flavorganics, aisle), sprigs, french/deli, scallops, slider), 1//2-inch, pasta, spearmint, mango, (butt), (20.25, baby, whiz!), ham), (5-6",Stacy Bach
327,46,MALE,93065,72384,deli,ka,"(milk, (parmesan, prosciutto,, inch, big), shoots, cube, (vanilla, quinoa, amelie's-provided, tortillas, (brown, iceberg,, stalk,, greasing, syrup:, possible, turkish, cinnamon,, has, (to, fruit), trimmed,, flavor, wine, (melt, watermelon,, chilled,, stinging, cucumbers, fine, something, thighs),, 480, unsulphered, slivers,, triple, eggplants), sauce:, around, might, (plus, rectangular, stalks), (two, 60, caster, old-fashioned, simple, smaller)",Raymond Mills
328,42,FEMALE,11368,34746,candy maker,it,"porcelain, ribs), (powdered), trees,, 450, black, yield, we, sweeteners,, frozen,, figure, ~, chocolate:, hummus:, kind, try, combined, lump-free, self-rising), lump, chopped*, serrano), dumplings, stencils, gluten-sensitive), allspice, them),, 45, 56, below,, eggs:, gummy, bulb,, bleached, orzo, ,, chilies, doughnuts, (ravioli,, smashed, (pepitas),, paprika, quality, chilled,, threads, gram, can),, glass, actually, fennel",Deanna French
329,40,MALE,75070,84847,deli,en,"1/8ths, 5, finely-ground, drizzling, garlic, 40, uses, caraway, lobbed, raisins,, very, contents, farro*, reduced, surface, spices,, diced), (12, yolks,, (compressed), merlot,, baguette,, ok, sprouts,, oreo, past, once, blends., (other, hearty, o.k., 2-4, cherries,, (light, iron,, feeling, carrots),, torn,, 155, eggplants), (salted, try, steakhouse, use, florets,, (24-28, gems, parmigiano-reggiano,, #2, smack",John Ben
330,47,FEMALE,92704,49923,chef,de,"fluff, zucchini),, chive, reds, (additional,, necessary., blackstrap, but, baked, handfuls), canola, flowers, 130g, crust"", 680, strings:, recipe, vinegar, strawberries, crisp, rigatoni, best!), running, shell:, thyme), pepper, pebble, cake, chiles,, 415, ex:, clay, sheets;, swiss, provolone, flower, uses, 14-ounce, balls, semi-sweet, (or, distilled, de-stemmed, crystaliized, breadcrumbs,, chilled, done,, sisters, oi, (provolone,",Virginia Pickron
331,35,FEMALE,91342,48744,deli,ka,"pancetta,, pure,, 28, thighs,, (diced, rinse, glaze,, rib), thumb, (below), assembling, stout, their, sugar,, julienned, spaghetti, nonalkalized, legs), 10.5, total), (fragrant), cheddar), (red, marinara, ~1/4-inch, pears, lard, 28), one, (92%, 16, similar), may, cola, (be, serving),, artichoke, (bamboo, all, diagonally, gouda, sprinkles, nice, greek-style, pecorino, between, taste., pinto,, point,, using",Elaine Dew
332,42,FEMALE,10029,22232,sue chef,en,"(reserved, included), (~105, way., 680g, quarter, tuna, non-fat, preference, micro, elderberry, don't, potsticker, water), dinner, (tiny, quality), market, (we, granny, (25g), harissa, flageolet, tip,, lima, segements, 10.5, below),, boiled, 4-1/4, button, chex, self-rising), tk, wet, according, has, cilantro), one,, doesn't, 255, each, 12-14, you, firm, cube,, pluck, butternut,, basil,, 13.5",Carolyn Johnson
333,42,FEMALE,93550,37484,deli,in,"lbs.), indian, handfuls, can),, count, spicy, extending, times, poppy,, orange, tempered, low-sodium, best, tortillas, pref., oz/, tequila, plenty, 227, dark-brown, splashes, 6.5, 170g, tangy, cheesecloth, artisan/crusty, amount, less), napa, rice-sized, pitted, deveined,, flour, stellette, shortening, was, seed,, -a, whiz!), (chard,, (stems,, sweetened), only, towels, tried, pan-frying, molds, flowers, cleaned, spices,",Kellie Foster
334,40,FEMALE,66062,68682,pastry,in,"(28, shell, paste), jalapeno, zucchini, dilute, ounces),, type), cracker), 5-7, (sirloin, 4-section, tbsp, instructions, (sesame, mustard), quinoa,, a, stem, pressing, coarsely, adiitional, run, 9.7-ounce, prefer),, (makheau, yeast, artisan, oreos, 100%, (crusty),, (varied, sparkling, small-med, did, de-stemmed, slivers,, 8-ounce, herbs,, drain, pressed,, fritters, mezzaluna, ""tenders"", sauce:, (plus, gallons, 1/4-inch-thick, quartered, (regular",Deborah Scott
335,31,MALE,92704,49923,baker,ka,"sweetened, sensitive, (5.6, maple, mist, heat., almost, sprinkling), schnaaps, uses, almonds), brand), acorn, wine:, marshmallow, peach,, pitted,, 1/6, zucchini, semi-sweet, pork,, deep,, shell, ribs), vinegar, cider, 130, mushrooms:, salad, bitter/spicy, (divided),, one, amelie's-provided, broth,, if, buttermilk/milk, dishes,, old-fashioned, too,, ml, tortilla,, 9-inch, cm, (make, ~4, 65g, temperature*, -or, food, there",Brandon Wilson
336,45,MALE,79936,42857,chef,gu,"lentils, mind, (yukon, shucked, peppers), country, margarine, (decorator's, another, binding, anejo, fava,, handfuls, thick-cut, recipes, skewers, hanger,, using), (cavitappi,, medium), (92%, top, cookies:, leftover/pre-cooked, tōgarashi,, rib-eye, (chulula, basic, buns., (full, hanout, scrubbed,, (13, etc),, butter:, trimmed,, pimentos,, rub, they, 1/6th-inch, bananas, fajita, brown., (small, pico, tasty, etc., bulb,, chops:, (80",Gary Coplan
337,45,MALE,926,26306,pastry,it,"crepes, chilies,, chunky, ahead, meltable, finely-ground, poached, slight, fillets, cilantro, decorative, linguine, rinsed), extract, mirasol, stellette, through, myer's, cubes), nervous, cardamom,, filet, inch, instructions, button,, (in, extract,, 255g, kitchen., method), soft-rind,, russets,, knob, circle, flakes, light, caraway, (cook, filling), slightly, 6.5, discs, topping, zucchini,, traditional, garnish,, 215, clove, moist, freshly",Jaime Rivero
338,41,FEMALE,11219,26648,pastry,gu,"mill, uncooked, in., had, marshmallow, feeling, (11-ounce, 50g, indian, (hs:, crumbs*, cm), basmati, pea, alternately,, syrup, pitted., alt.), before, oven, /340, 450, 300ml, rolls, open, stinging, wrappers, large,, g, edamame, squares), german, pattypan, chipotles, dente,, extra-virgin, 7, piece, lengthwise, cheddar/jack, (scant, guacamole, (weighed, tsp.), taste!), left, (i.e., (lots, tomatoes),, 35",Maria Godby
339,42,MALE,91910,42970,baker,de,"450, above, whip,, range, had"", ones,, hulled, vegetables,, mixture, destemmed,, dark-brown, cran-raisins, taste, meat),, citrus, broken, crab, an, canola, (optional), fruit), curd, 36, vegetables., (if, hair, (18.5, starch, gallon, maple, organic, boiling, merlot,, meal, sifted,, knob, bulb,, later, zucchini), straight, pat, borlotti,or, club, peas*, sift, mayacoba, can),, into, syrup!), abuelita",Albert Smythe
340,44,FEMALE,92503,44829,sue chef,el,"sel, drizzle,, hard,, sparingly), semi-pearled, may, skinless,, rind, crescents, desire), citrusy), 1/2-inch, special, adult, preserves, pistachio, chopping, (50, passing, vegetarian, wooden, spice), grapefruits, radicchio,, but, dumplings, aside, bars, could, before, cider, risotto., crust"", parmigiano-reggiano,, jumbo, buttered,, 15-ounces, raspberry,, cassis, turn, brisket, lean), aluminum-free, well-crumbled, cake, bass,, cooked*, spicy), thicker, sage",Lesley Martinez
341,43,FEMALE,23464,53486,pastry,de,"unsulfured, squash*, breakfast, extras:, plate, shelf, bundt, dyes, serving),, loose, (bite-sized, french, were, 12g, roughly, containers, folding, flat-leaf, roasted, (~3),, overly, (40°f), hands, gelatin, ml, lentils,, needed,, 20-lb., night, onion, candy,, heirlooms, eggs:, 25g, powder, arborio, eye, hines), spring,, interior, pw:, active, very, like, mozarella, butter*, /15, ends, cups),, fruit)",Janet Bump
342,49,MALE,60647,35283,chef,de,"smooth, polenta), carrots,, (or, instant, pitted, daniels, recipe., fat, alt.), lemon), mustards,, broth), roast, pimentos, crumbs, rhubarb,, finishing, 7-8, at, savoiardi, regular,, (with, gems, wide, jars, (pimenton, cloves,, run, minced, salt;, oreos, 2-4, (31/2, shredded), keep, 1-pound, uniform, salt*, pods), bowtie, verts,, thoroughly, (.11, liters, clay, pounded, cutter, fat-free, cane",Brandon Kamerer
343,42,MALE,10462,33735,chef,en,"crustier, heirloom, leftover, whipped,, trini, ounces;, button, crumbles, (vanilla, case, filling), each), flakes, washed,, melted, stinging, pounds),, malted, dough"", tots, (20.25, good-quality, (chives, (3.5, (by, very, veg:, base), needed, (coating, pinto, (peeled), oily, these), unflavored, (additional,, smooth, cups),, now, cayenne,, depend, sisters, (15.8, wine), 190g, laloo's, hotel, 9, 1.2, 370",Charlie Gaines
344,38,FEMALE,926,26306,chef,it,"slices/chunks, feta, seasoning, olive,, b), marjoram,, lined, scrubbed,, stinging, saucepan, half-and-half, (provolone,, light, pasta:, 15-, packets, flowers,, (8-inches), 4-1/2, feeling., could, larges, spicy), thighs, 1.5+, flavor), curried, pinched, low-fat, scissors, variety, krispies, cab,, top:, me:, grated, tomatoes**, spices:, pancakes, quickly, honey), small), squeezing, barely, quinoa*, bouillon, t-bone,, bias, clay, teriyaki,",Lee Knight
345,40,FEMALE,11368,34746,baker,en,"preferred, 62%), 4, (unsweetened), tartar, lundberg's), abuelita, 15-, olives,, baked, plumped, elderberry, filets, (wash, dish, box), filet, chiffonade, bundt, (good,, soft-cooked, coarsely, foil, one-half, am, completely, 18, bush's, broth,, bit,, pats, larges, (up, (beef,, 9, part, ended, vegetarian, easter, chard,, porter, wrappers,, one),, chops, hard, 14, eye, membranes, dijon-style, pw:",Frances Cuthbertson
346,42,FEMALE,77494,86488,baker,gu,"inch, 105, almonds, the, dipping, millet, equivalent), saltines,, decoration, move, sheets;, darkest, pumpkin,, semisweet, whipping, cloves,, sifted, oregano, cavitappi), nachos, temp,, mint, oz/, mushrooms), putting, water), ever, 10.5, 4-ounce), right, 1-1/2, rhubarb, pancetta, butter), covered, spicier, oat, parmesan, star), bagel), plump,, frank's, (add, velveeta, modern, reds, red, huckleberries, teaspoons, sushi",Doris Campbell
347,48,FEMALE,90805,32565,chef,el,"ended, shortening), mins,, deep, (version, room, eggs,, 220c,, bush's, mild), 10g, cubes., bell, raw,, gnocchi,, orecchiette,, small), g,, bars,, partially, 20, huckleberries, (good,, cloves,, pine, marinade:, plus, slices), part), bottle), (any, prefer), hazelnuts, cook, puree*, tried, dry), add, head, can,, parmigiano-reggiano, picante, dough,, seeds, spaghetti), glaze:, marinade/sauce, smoke, rib), flavorful",Ella Williams
348,35,FEMALE,8701,35647,pastry,it,"eggs., frozen,, (sirloin,, sprinkles,, file', buns, fillets, sumac*, cheaper), crushed,, chevre, thinning, boil, add, blueberries,, (pimenton, haloumi,, greek, marbled, sizes, breasts, fusilli,, kirsch), chocolate,, 1.5+, (sesame, stinging, (white, hulled, 2%, agar, herbs:, 48, (this, (semi-pearled, middle:, well-crumbled, crimp, (minus, 1/2+, oversalt), indian-style, (approx, kaiser, pan-fried, (wash, brand), off,, 700g, dough:",Kari Jacobs
349,42,MALE,91335,40792,butcher,de,".5, raddiccio,, combo),, (divided),, berries), 1.6, sandwich, basil, mints, dark, bit, lengthwise, (baker's), extra-thin, gently., marmalade, handfuls),, squash*,, eggplant, 12-inch, (organic), scan, ~1, 280, (angle), drain, candies, acorn, whipping, peppered, ground,, saffron), zucchini,, peaches, medium-large, granules, rack, oil,, pack), ideally, dry., booze, such, (see, full, (chopped), 2-inch, figs, (4-inch), semi,",Chi Morris
350,37,MALE,95076,45354,candy maker,en,"last, cleaned, salt, ribs, 45, bean,, times,, eggs., oversalt), smallish, ""pico, masala, cashews, recipes., ot¬her, 0.25, that., provolone,, whisk, 9, (coarse), lamb's, dough:, locally, second, san, thin/regular, (salted, butter), cashews,, shoots, tablespoons,, jasmine, 130g, grainy, reggiano, shortening,, whisked, unrefined, mozzarella,, fontina,, (mild, blend), (red, make), ghee), saffron, verde, hanger,, similar",Charles Marquez
351,37,FEMALE,92683,49686,chef,it,"dulce, (~3, whiskey, real, simply, jewel,, preference, gruyere,, (3, many, coffee, breadcrumbs, bagels, barn, choosing), paper, (seasoned, freshest, coffee,, 4-6, steaks,, measuring, ounch), ganache, pears, kosher), strip, eggplants, think, alternative, shrimp,, (~3),, 45, pasilla, brushing, taco, sprinkling, finish), (30-40, mushrooms,, (or,, 125, sprigs, whole), vine, popcorn*, 4-5-inch, linguine, (14, like)",Martha Sanchez
352,41,MALE,60625,40083,candy maker,en,"available),, blend), cotija, notes),, whole-grain, made, dip, artisan, cup+, pitted., 2-inch, bucati,, rehydrated, 13.5, marzano), (vodka, in, toffee, (21-26, unbleached, bark, trust, eggs:, somewhat, northern,, tuck, wedges,, brand), crush, thin, degrees., onion, simple, ""croutons"", grana, ground,, reduced, small, ounces),, legs, crumbs), (coarse), (soft, frosting:, towel, 115f, 1.5+, morning), tend, (low-fat",Pablo Skinner
353,43,FEMALE,10452,20606,pastry,ka,"most, packages,, third, best!), (vegetable, done,, note:, w/, coating:, ziti, kosher), berry, notes!), choice), microplane-grated, rolling, out, dish, water,, savoy, wash, bananas,, clothespins, moisten, anchovy, dijon,, lightly-flavored,, feta, kick, moscato, 7, gnocchi,, marjoram,, point,, write-up., you), olives:, hotel, whiz!), pecan, soba), flour, spaghetti), rice), short-grain, 385, soup:, (fragrant), t., 28-ounce",Garnet Hayes
354,40,FEMALE,77083,52931,deli,en,"chicken), harissa,, tomatoes, temperature, paper, extra-thin, bee, halves), following, fig, gems, pappardelle, strawberries, combination), (9.9, peel), pepperoncini, spelt, (62%, seedless, grapefruit, meat, verbena, thick), farro*, elderberry, divided, pinto,, bbq,, shortly, limes, right, free, state,, olives., walnut, frisee, oyster,, chickpeas, hearts, pecans, (save, syrup!), combined., freshest, threads, teriyaki, grand, sticks, huckleberries",Jennifer Cooley
355,37,FEMALE,91706,41621,sue chef,ka,"pats, kirsch), hulled, pine, german, apricots., sandwich, variety,, rosemary,, beets, out, 5-7, sirloin, choice., (but, sauces, spread, (4-inch), la, dried,, rhodes), slabs, can),, –, 215, 8-ounce, packed), cup/, 1/2+, deeply, 75, roma, bouquet, galangal, gold), half-and-half), matchstick-thin, yellow, 18, bite-sized, zest,, florets, frank's, (120, -sliced, kahlua, thai, milk), envelopes, black",Celeste Gilliam
356,37,MALE,77479,96118,baker,en,"14-ounce, plus, finn, marinated, maraschino, bell, fontina,, used, (scraped, follows), iceberg,, key, bulgur, 2-4, serve, under, agave, pan(s),, sprigs, sheets, ""beans, and/or, (1.65, beaten, (inner, ~3, headnotes),, cherries:, (chives, kalamata, chex, wine,, bittersweet), banana, oil-packed, meaty), desired), tablespoons, seaweed,, (sirloin, (yes,, sweetness., aren't, noodles,, (~105, caramel, (fragrant), russets, olive,, (walnuts,",Phillip Sanchez
357,38,FEMALE,91744,46792,pastry,in,"(angel, 450, skewered, iceberg, plum, market, thin(regular), seasoned, puffed, tip, spray,, chii, trust, ground,, russets), canola, minute, sprigs-worth), pine, zucchini, whipping, condiments, golds,, 385, penne,, apply, third, halves), extract,, twenty, potatos,, flowers,, up, once, moisten, above),, charms:, (9.9, pimentos, toss, loaves, sift, (farfalle), dry, standard, work), overnight,, capers, pieces., dry-roasted",Wanda Bloxom
358,32,FEMALE,92683,49686,butcher,en,"cook, jack,, rices, smart, basmati, carrots, mozzarella, (3, peppermints, good-tasting, lebanese, tomatoes), carrot,, trinkets, g, lima, washed,, lengths, dash, trees,, cookies, 70%, recipes, madhava, miniature, toppings, naughty), turmeric, tasting, anejo, save, peppers, one-half, fresco,, freeze, 15-ounce, cut, unsulphered, marinade, pepper,, icing:, machine, 25, pile, (real), chips), bananas,, rind, wwp), leaf",Matilda Davidson
359,40,MALE,93307,26462,pastry,el,"filling), wine), egg),, cherry, (low-fat, okay,, rim, bass,, dyes, side, regular-sized, notes, english, lbs.), puffed, (105, roasted/toasted, think, 8-ounce, de, strips,, pickle, provolone,, shallots), channel, quartered,, squeezing, well-strained,, seconds), cheddar/jack), 15-30, boiling, craft, spicy;, (1/4, ears, covered, (wild), (alternately,, (pork, 415, cranberries, butternut, glugs, aluminum-free, kind, medium), herbs:, preferred), rib)",Albert Parker
360,41,FEMALE,11373,38151,pastry,el,"sturdy, g),, (arugula), oil,, (page, ounces,, star, hulled, nervous, mashed, sizes, pint, hershey, 454, dozen, these), okay,, 480, walnuts,, (sliced, ""beans, fresco,, petals,, quartered,, icing, colorful,, preferred), between, (scharffen, lentils*, (full, regular-sized, t-bone,, fork, gem, hand), mushrooms), lengthwise, (large), 0.25, grained, straws, butt, (makes, hand,, together,, labeled, 160g, putting, cheese",Jeanette Walters
361,44,MALE,90805,32565,sue chef,ka,"cereal/granola), prefer, lines, teaspoon), third, color, serves, (unsweetened), i.e., honey, farro,, whirl, crackers,, removed, plum, ree's, sprig, pound), mesquite, degree, we, (1.8, 3/4, (and, with!, fryer, quarts), 8-ounce, cooking), bowls, fresco), reggiano, (either, above),, desired.), melty, jumbo-style, coffee, here), taste, skillet/pan, negro, flavor(s), grapefruit, heaping, need), vegan, (if, (above), cremini",Thomas Passarelli
362,36,MALE,10029,22232,butcher,in,"12-14, dip, fluid,, squash, milk, edamame, skinned, gigantes,, (14, cheese., few, membrane, havled, coconut,, seaweed,, (serrano), serving:, ribs), drizzle,, #1, (greek), gallo,, 1cm, flavorings), (15, potatos,, almond-flavored, hard-boiled, whole), pull, sriracha, stir, broth,, quartered,, paste, weed, 30, mix,, banana, smallish, brocolli,, couldn't, farang, chips,, twice, shaken, free, shoyu, use, citrusy)",Charles Hellinger
363,36,FEMALE,93535,39747,chef,en,"egg, diced, pluck, (up, 10-inch, asparagus, tofu), time:, &amp;, bacon,, nutmeg, oven-roasted, them), dishes,, cream,, dressings, dozen, tablespoons, husks, (manouri,, play, virgin, sauce), potato,, fill, following:, seasonal, unprepared, read, oven, porter, (cavitappi,, oregano,, serving, popcorn, shake, kernels, browns, chops,, (melt, squashes,, ~5, (made, 4-6, /45, lasagna, ounces;, (3-4, medium/large, shoulder",Patricia Peaslee
364,41,FEMALE,77429,78527,pastry,en,"1/4-1/2, extra-firm, (all, cold,, brine, tofu,, desire), 95, 85, pork,, discarded), steam), would, goo, spicier, sweet,, extract, size), medium), 40c, spices, cubed, brownies:, savoiardi, semi,, fussy?, pineapple), arthur, med., farro,, that's, drummettes, baby,, 1-1/4, sensitive, honey), gems, alphabet, florets,, mortar, saucepan, zest,, pull, emmental, dipping, alkalized, pounds),, russets), med-hot, 7/8",Pamela Keene
365,38,MALE,10002,24022,butcher,el,"jack,, thermometer,, nectar), unseasoned, (japanese,, 1.2, broccoli,, (green, (egg, blender;, pasta., destemmed,, 2-3, fillets, crisco, crumbled, heat, (1.2, -5, guide, bean,, too, cream, boneless, butter., fajita, sprinkle, chunky, haloumi,, (120, temp,, bhutanese, i.e., chop), puffy, ounces), do, pictures, ranch, sweetened, piping, rosewater,, (3-4, choulula), granules, bowls, 13.5, m's,, lemon,, replaced",Joseph Rowland
366,38,MALE,93065,72384,deli,en,"pizza, padano, minched, tomato,, pepitas,, shortening, button, flaked, t-bone,, 6.5+, sugars., clear, bhutanese, savory, fine),, do!), broccoli, superfine, 1, chopped*, unwrapped, peas*, cups),, dough:, taste!), heat., open, (cheddar,, rolls, cup+, phuang), (15.8, flaky, duck, whatever, pan(s),, gruyere), gold,, salt;, (dried), while), unprepared, pattypan, (parmesan, (monterey, (pimenton, need, parts,, pistachios,, trim",Brett Schnackenberg
367,35,FEMALE,90201,30029,sue chef,it,"pans, shallots,, photo), cognac,, per, large-flake, figs, smallish, pulp), and/or, rice,, (chard,, clear, handfuls),, bellas,, foil, yolks,, 3/4, you're, (non-dutched), hash, soft, garnish,, herbs, only,, baking, overhanging, pesto:, pappardelle, cauliflower,, dipping, smashed, seed,, towels, gel, refrigerated, (quantities, bone-in, indian-style, puree*, generously,, source, coffee, tomato,, about, shredding), sesame, skillet:, ""croutons"", basil,",Martha Mason
368,37,FEMALE,92553,38554,chef,ka,"spinach,, likely, low-sodium, dusted, bought, lengthwise,, 3.75, pomegranate, mirin, want,, chopsticks, of, example, filling:, 310, variety,, (swiss,, gutted, (to, (stuffed, canes,, sweeteners, overnight,, goo, 15-, mashed,, orange, lead-free, cooked*, clove, pan), bean), packages,, marmelade, nettles*, non-aluminum, like, pudding, curried, cubes), de-stemmed,, cane), middle, spaghetti), (for, nori, headnotes),, halves), edges, (coriander)",Donna Knab
369,36,FEMALE,10456,16664,butcher,de,"(a, want!), (best, peppers, (mayo,, extra-large, choice,, makes, rolled, diameter, vinaigrette*, should, rounds., tasting, towels, (105f, pimentos,, rehydrated, gravy, scratch), fronds, mellow, trees, honey-champagne, segments,, (angel, provence, oil-cured, vegetarians), colors, slices/chunks, worcestershire, juicy,, pepitas, sausage,, kirsch), basmati, fresco,, fresh/dried, (yukon, available),, fusili,, defrosted, well-crumbled, favorite), lines, pistachio, pastry:, sumac, works",Kellie Burgess
370,40,FEMALE,87121,34359,butcher,it,"fettuccine, 1-1/8, 350f, split, kernels:, crystallized, itself,, serranos), clay, clove,, (11, not, runner, middle:, farro*, broccoli,, thoroughly, smart, gold,, plate,, cups, them),, taste),, optional**, bite, (homemade, clean,, fuji, 9-inch, 4-5, microplane-grated, state,, (2t., reduced, expose, broccolini, option, combined., ribs), alfalfa, possible;, each, tend, best!), (720g), sweetened), jam,, (full-or-reduced, grinder), bunches",Mandy Rush
371,42,MALE,77083,52931,chef,gu,"kahlua,, preparing, recipes., dilute, cream, (by, pancake, eggplant,, surface, melissa, lump, easter, available),, ex:, matchstick-thin, fish, wheat,, cardamom,, chile, cracker), paprika, unflavored, pimentos,, savory, (lacinato, right, chanterelle, 6), lillet, job)., poppy, cranberry,, tomatoes), combination), up, trini, haricot, (coriander),, 1.6, 4-5-inch, 10g, pumpkin, (diced, shortening,, twenty, fine-grain, heat), 5oz, leeks, 4.25",Richard Borders
372,43,FEMALE,60629,40279,deli,it,"vine, bitter/spicy, below),, black,, 1/4-inch-diced, (yes,, turkish, crusts):, (approximately, germ, tablespoons+, meat), 255, chopped), crush, creme, from, cream,, any, i'm, (toasted), bowls, stale, caramel, (fresh, no, seconds, good!), carrots, crimini),, wonton, non-fat, (depending, 2, prime, (1cm), chickpea, (5.6, 1/6th-inch, unbleaced, (lightly, sausage,, freeze, (optional!), cashews,, (~3, chopped*, combo),, watercress,, well-toasted,",Carolyn Anthony
373,41,MALE,77084,53075,chef,gu,"reserved,, 4x., suspect, eggs,, kaiser, 1.5, untoasted, sugar/salt, beans),, micro, (below), marshmallow, tempeh,, whiskey,, texas, mushroom, jam, notes),, 560, may, sriracha, wheat, lingonberries, (ravioli,, didn't, large), tin, crystallized, {~3-4, (optional!), box), shortening,, cacao),, tomatoes),, (watermelon), husked, can),, uniform, (to, bowl:, pasta., shortening), cm, ribeye,, smashed, dough,, tuna, (1/4-inch, fork, pack)",Donald Morrison
374,38,MALE,91910,42970,chef,it,"boneless,, pineapple, juicy,, seaweed,, rib), powdered, season, broccoli, scones, 80/20, ""pico, nonstick, mild-flavored, (jack, while), dutched, adding, 1-3/4, ree's, organic), (more, cm), popular, teaspoons), chops,, pickle, cilantro,, ounch), tomatoes),, (coarse), yukon, serves, according, notes, rice-sized, (storebought, gumbo, juicy, ketchup,, kale),, darkest, last, muscovado), overnight, m's,, thickly, -------------------------, lillet, madeleine, can't",David Smith
375,48,MALE,95823,36001,chef,gu,"preference., no, extra-large, (lacinato, sriracha,, unpeeled, seasonal, aisle), mayonnnaise, ganache, and, blanched, leche, saucepan, 1/6, zucchini,, wafers, not, tea, 4), button,, kahlua,, roast,, roast, called, rich, nuts, almond, hazelnut, temperature*, serve:, juicy,, heirlooms, 1-1/4, ricotta, warm, scones, tofu, steak, 1//2-inch, 15-ounces, length-wise,, 200, slits, macadamia, plum, skin, farang, pine, transfer",Phillip Langley
376,41,FEMALE,23464,53486,sue chef,it,"inside),, rim, binding, choice,, dry., tempered, bit-sized, 215, wonton, saffron, strawberries,, (watermelon), lumps, one,, 3-4, shallots, separate, syrups...adapt, (lots, pecans, transfer, you, unbleaced, (ribeye,, broken, pieces), chips/chunks, (spring, 1, usually, mind, rounds., 12-14, tahini,, lb.),, oz), 3-1/2, canaola, way, smack, rubbing, cellophane, self-rising, rolls,, mayonnnaise, pickles., (masoor, crosswise, (by, prosciutto",Shirley Brown
377,41,MALE,77083,52931,baker,gu,"decorating, saltines,, 1/4-inch-diced, wheat,, centimeters, bunches}, nectarines,, wraps, gem, drizzle,, sugar., brown., spices, going, 5, beans, mashed,, dressing/marinade:, egg,, consomme, seen, (more, rosemary, crumbs, indian, slotted, vinaigrette, whisked, arborio, blends., (mache), batter, dente,, (mayo,, .25, at, (quantities, pollen, all-natural, dino, american,, thick-sliced, nori,, bowl, rhubarb, defrosted, example, lean, poounds, seeds",John Nusser
378,39,FEMALE,92154,42970,deli,in,"rings, reduced, 1/2, me:, rubbed, queso, sunspire, prefer), thai, breast,, 245, 200g, 90, ideally, (10-12, either, would, dagoba's, (1cm), bottle), schnaaps, length-wise,, (vodka, broccoli, standard, (chulula, rhubarb, 350, onions,, (minus, paste*, margarine, (reg., broccoli), only,, paprika,, sprite,, beets, chex, sprigs-worth), (wheat-free, 450g, infused, job)., each), 115f, soft), 115, poounds, clean",Tiffany Coleman
379,39,MALE,11206,18661,butcher,it,"hoisin, holidays), bouquet, potsticker, save, fixings., classic, cashews,, stem, verts,, non-stick, flakes)), juice,, kernels, citrus, cornstarch), substitute, (chuck, toast, couscous, above),, (groats), unsulfured, pim's, diced/shredded, plus, refried), segements, popped, hazelnuts, eggplant,, **slightly, trim, -12, picked, (chocolate, krachai, (quantities, nutritious), skillet, (vanilla, divided, quinoa), (version, quartered,, refried, honey-champagne, macaroni, (peeled), sea",Henry Tatum
380,38,FEMALE,60617,35534,chef,in,"halves, 215, segements, sugar/salt, was, 180, shakes, bread:, filling:, thirds), 4-6, rice*, regular, possible),, spread:, haf-inch, dutched, hock,, ghee, (jarred), liqueur, large, tablespoon,, prime, big, christmas, oz.}, thin/regular, knife, pasta:, stop, 1+kg, sweetness., a, nectarines,, full, 1/2-inch, farang, brocolli,, /120, spray, squash),, gum, rolls,, warmed,, gristle), rehydrated, fritos, crustless, tsp",Phyllis Miles
381,43,MALE,91744,46792,baker,in,"lemon,, (mild, 3), hard, pickle, unpeeled, by, six, aluminum, m, brew, cracker), homemade), 50g, grainy), (scallions), tortilla, lima, back, blood, segments,, herbs:, arrowroot, cracks), 8), berries), arthur, ranch, decorative, (brown, patties,, (light, pan(s),, (allow, crostini:, 0.25, muenster), cavolo, starch, 1/4-inch, pounds, red, banana, nice, chipotle-tomato, muhammara, sausage, salt), (7-ounce, yolk",James Taylor
382,39,FEMALE,37013,46063,chef,en,"8, girls), bulgar, mezzaluna, dough, dried, in, taste,, while, 65, wooden, tuscan, awase, (version, kaffir, oysters,, ciabatta, full, i, 45g, caper, pan(s),, halves, isn't, chard, splashing, water), 113, leaf, 155g, filled, quinoa*, montreal), puree*, (canned), pineapple, tef, greek, (vodka, cereal, depend, them), seasoning), 1/4-, fluid, size, lightly, steam), progresses., horseradish",Jamila Garcia
383,39,FEMALE,92154,42970,candy maker,el,"mushrooms, diameter,, (whole-grain), parmigiano-reggiano, sprigs, active,, fluff), noodles,, prettier, chilled, (light, sheets, low), beans, example,, scrubbed,, (pref., couscous*, oil), xantham, (needs, there?), citrusy), several, drained/rinsed, slab, (chiffonade), (chulula, sunflower, (unsweetened), walnuts,, /chickpea, (cavitappi,, croutons, harissa,, oil/, cereal/granola), towel, mixture, (12, sugar/salt, breasts, crepes,, quartered, beans., fridge, milk,, note:, lemongrass, pods,",Linda Vazquez
384,37,MALE,90250,33656,pastry,gu,"(superfine), buttermilk,, flavorganics, mizuna,, 3+, mixture*, legs, hazelnut, cilantro/coriander,, pizza:, chile), so, limoncello,, cloves,, according, powder, charms:, olives., great,, garbanzos,, arthur, oil),, (needs, makes, vinaigrette),, 370, creamy, mozzarella,, leek,, toppings:, spread:, 1.5, pastry, modelo, almonds), (full-or-reduced, ketchup,, 1.2, meal, baguette, marshmallow, green,, kg*, blood, pan-frying, oven., ghee, box, desired), 6+",Peter Spector
385,41,MALE,91331,39225,butcher,it,"fork, blueberries*, clear, (1/8-inch), frozen,, pork, especially, burrito-sized, 75g, 4-1/4, round,, naughty), ounces, cashews,, 3-1/2, basket, _____, dashes, (quick, millet*, sugar), pref., heat!), on), bitter/spicy, touch, crostini:, hours., balsamic, glug, following, classic, urid, tart., bet, (plus, tablespoon, oil),, gelatin, pinenuts,, oat, bean), 145, 1/2-inch, high-gluten,, trimmed,, 10g, crimini, small,, syrup:",James Vega
386,45,MALE,11207,24163,chef,ka,"orange), roll, sprig,, them, (additional,, great-tasting, there, un-peeled,, /55g, chopped, star), warmed,, line, optional**, thermometer, dish,, 370, cheese,, crabmeat, tip, gray, 14), aren't, (92%, packets, working, fruit,, (generous), hoisin, got., 65g, tenderloins, package), combination, extra-thin, tortillas, bigger, strawberries,, gems, pounds),, mist, pencil-thin, (reserved, acorn, morning), medium-grained, out,, brazil, 85g, want!)",James Behrens
387,28,FEMALE,87121,34359,butcher,en,"cereal/granola), plain, (9.9, (120, seeded,, 130, is, 6-7, dozen, rack, stone, borlotti), (needs, sparkling, finn, baby, (salt-free,, (divided), sel, (use, (sleeves), muffins, mixture:, ,, sirloin, milled, flakes, example, (thin), radiccio,, plump, (compressed), crimp, melissa's, sugar, pitted., thyme), button,, mixed, slight, on, 300, sure, tied, peach,, ""tenders"", brown,, spinach, length-wise,, (14.5",Theresa Nichols
388,43,FEMALE,60647,35283,deli,it,"always, unrisen, nuts,, type, alternately, coconut, progresses., light,, tomato,, adzuki, blueberries,, toss,, 7.5, trinkets, bags), (heaping), he, louisiana, (inner, bread, resist, (80, bottled, nutritious), radicchio,, done,, brown), especially, wild, rounds, 6), you're, verde, (wedge), cups+, poppy,, 45g, chunks,, halves), breast,, broccoli), olive, (120g), oyster,, alternative:, 448), cran-raisins, suggestion), both), must",Dana Robertson
389,40,MALE,92509,45995,deli,it,"silpats,, millet,, firm, loaf, pile, flavoring, pinch, fraiche, hand,, tasty, bakeware, seasoned, best!), (jarred), did, fresco, marshmallow, noodles,, (9.9, (tiny, stuck, monterey, (salted), louisiana, mozzarella, grained, pepper), pasta, dogs, buns., cherries, (vodka, self-rising, overhanging, 5), 5-6, 15-ounces, drummettes, below,, typically, doesn't, chives,, tomatoes**, summer,, powder/granulates, cilantro(or, doughnuts, rice, rib-eye, combo),",Mark Gutierrez
390,39,MALE,93033,46342,chef,de,"off,, penne,, skins,, temperature,, apples,, size, serrano, molasses, morning), under, 1.65, bits:, (140g), deep-frying, directions), galangal, wholesome, great-tasting, bowl, (allow, inch, 14.5, king, spears, kind, (optional!), petals,, juice,, thumb, blends., wine,, iceberg, your, cilantro/coriander,, sugar, chevre,, butt""), ribeye, 2-1/4, x, (lots, blackberry, brazil, additions!), heirlooms, farmhouse, preference., shoot, fruits,, (divided),",Charles Garcia
391,33,FEMALE,93722,43256,butcher,de,"pecans,, (roma), oversalt!), pistachios, crunch, premium, weed, prime, cornstarch), hours, sugars., directions), too), thinning, instant, 3.5-ounce, touch, glaze,, (large), bran, jacob's, (opt):, rhubarb,, dilute, harissa,, paneed,, all-natural, reggiano, immediately,, blanched, bell, cornmeal, another, (walnuts,, sauce., (thai, hominy, -------------------------, something, cheddar-jack), spearmint, option), pistachio, rigatoni, prepared, greek), dough, knife, ribeye, choice.",Catherine Bourque
392,40,FEMALE,92553,38554,pastry,in,"eggplants), 6.75, 100%, nutella, whiskey, (semi-pearled, flax, half, honey,, pound, hours, (red, pimentos, locally, 4.5, bunches}, gelatin, (14.5), broth/stock, extract,, sauce:, lite), (hs, mandolin, rum, extract), jello, bowtie, nero, skillet:, guide, glug, fleur, taste), (240g), slider, pecan, muscavado),, seeds,, (optional), picture, peanut, citrus, add-ins:, ricotta, low), rice,, yeast,, oil-packed, (18.25",Darlene Kuster
393,36,FEMALE,28269,61899,baker,el,"again, more), oz/, paste, 450g, top:, cured, before, 1/8, hazelnuts, cups+, sticks,, nutella, thighs),, phuang), italian, etc.), foccacia, sliced, just-melted, zest, milk, regular-sized, madeleine, together)., (240g), rubbing, 250g, box, length-wise,, cannellini, farmers', sprouts), teaspoon+, toasted*, preferred, alternately,, (chevre), syrup:, borlotti, shells), ketchup,, coriander), confectioners', 185, packages), kabobs, well), skillet, pickles.",Stacey Bennett
394,42,FEMALE,90250,33656,chef,it,"shelf, slices), thumb, everything, cinnamon, guajillo, gorgonzola, roasted, clean,, dinner, stock,, granny, paste:, gram, (use, seitan,, chiles, have, (any, could, (green), make), thoroughly, combo),, 200g, that, nutritious), extra, ounce), substitute, baguette,, (yes,, penne), 1/3c.-1/2c., round, self-rising, brown, certainly, bittersweet, dozen, distilled, unskinned, 8), oz,, pinched, additional, jack), semisweet, apple, (sliced",Josefina Morgan
395,34,FEMALE,23464,53486,candy maker,el,"-------------------------, elbows, yet), espresso, watercress, puree), baby,, la, choice,, wine), dagoba),, powder,, enough, choice),, (240g), (juice, serve., squash*,, brandy, (3.5, beans),, pre-cooked, curls, tamari,, timbale, w/, acorn,, chilies, zest,, ounce), **slightly, rubbing, sharp, macaroni, chilled,, (10-15, grain), drizzle., consomme, grain/sushi, bran, time, powdered, lite), portions, tops), northern, one,, pound)., (cavitappi,",Hazel Wilson
396,38,FEMALE,10468,26852,sue chef,el,"rounds., brisket, serving), (quick, _____, taspoon, dip, fruit:, crusty, stock), room-temperature, pref., 2+, blanched, modern, .5oz/, above),, cupcakes, cloves), citrus-flavored, cob), serve, honey,, 255g, brandy,, chilies,, hazelnuts, big-grain, watercress, olives., grain/sushi, must, find, flakes)), beer,, thinly,, t-bone,, plain,, 1+kg, cubestonic, vera), cane), button,, tub, marinara, (tenderized, ideally, seeded,, ciabatta, chopping",Amanda Haviland
397,37,MALE,91710,55185,pastry,en,"cran-raisins, pastina), box, russets,, tender, kosher, peppered, pints, unwaxed,, block, marinated, bagel, full,, fiesta, wheat, head),, savoy, around?, fruit/berries, christmas, veggies, smoke, (roughly, ~5, reserved,, (do, play, cloves, packed), shake, pepper,, guacamole,, is, miso, pictures, (stems,, thick-cut, sticks, (675g), millet,, 1/6th-inch, rice*, divided, picante, photo),, smart, rinsed), melon, package), bran",Matthew Ferrer
398,44,FEMALE,92335,35008,baker,el,"salty, blend, and, m&amp;m's,, non-flaky, 12, pistachios, equivalent)., taspoon, chunks), me.), open, every, blueberries, case, most, 6+, hazelnut, ~1/4, caramel, nice, boxes, sprinkles,, scoops, serranos), choice, (full, scraped, (basil, smoke, russets), 2.5-cm, (brown, rigatoni, crust"", dumplings:, balsamic, guacamole:, cups+, pico, (optional, bean,, pepperoncinis,, labneh:, coins, good), (scant), g), these), surface",Karen William
399,37,FEMALE,93307,26462,pastry,gu,"confectioner's, rib-eye,, pin, organic, packed), thicker, margarine,, butter), greens:, gingersnaps, cran-raisins, equipment:, jalapeno,, tequila, (crisco,, cremini,, flower, good-quality, have, spread, charms:, krispies, wash, bowl:, pizza, etc.), seed,, tip, cooking), ibarra, butter., leaves),, (6, bring, (medium, (thin), base), boiled, sliced/chopped, lot's, honey, padano, pods), serves, 250g, {4, 4-ounce), great, brine, drizzle,",Marcia Martin
400,40,FEMALE,22193,67190,baker,en,"squash,, .5oz/, (i, bulgar, ""that's, a, -purpose, whole,, allspice, inches), there?), small, olives, mild-flavored, 600, ml, biga, tiny, (wild), seeds*, napoletana, 125g, chile), giant, silken, (14.5, apples,, cran-raisins, 105, above, (black), banana, spray, (additional),, watermelon,, topping), semi, (red), fluff), northern, packaged, cheese, night, alkalized, (1/2, pasta, rib, high-gluten,, dutched, coating",Carolyn Estes
401,47,FEMALE,93535,39747,baker,it,"worcestershire, pineapple), self-rising), ~1/4-inch, that., (3.8, farmer, adapted, such, huckleberries, need:, (9.9, less, length-wise,, cereal, stripped, fennel, pretzels,, cookie, tater, marinara, wash,, melon), biga, running, relish, 1%, ounce, cayenne), caramelized, (juice, slices/slivers,, filets, pictures, tough, grain, (vegetable, total, (bite-sized, (soft, equipment:, ghee,, pan(s),, sifting, medium/large, cannellini, thermometer,, stinging, carrot,, loaf",Effie Kline
402,34,FEMALE,93550,37484,chef,gu,"ounces, (something, (21-26, honey-champagne, smart, gruyere,, water-packed), going, extract, cucumber, skillet, well-toasted,, immediately), soba,, pickles,, sake, ingredients, taste), deveined, sweeteners, gutted, cranberries,, smack, cabbage,, paneer,, ideas:, watermelon,, (one, petals, wheat, one, teaspoons, min, herbs,, tenderloins, mild, rich, waxy, beans, cheddar, dry, contents, ounces,, 1/3c.-1/2c., uncooked, (enough, avocados,, puree, add-ins:, 170g",Marie Seaberry
403,38,FEMALE,11373,38151,butcher,de,"extra-firm, bigger, heated, mushrooms), oats), nibs, oz.), canned), fleur, cremini, (something, whisk, off,, tater, bean), rehydrated, 4-ounce), greek-style, bean,, soft-cooked, (scharffen, 170g, with!, similar, adzuki, crackers, 400, flakes),, crescents, shallots*, real, sm-med, wedge, (.14, hours., moisture, etc),, eye, **slightly, button, barley, clay, gently, mix), whole, whole,, whole-milk, big,, coated., charms:",Victoria Calvello
404,38,MALE,93550,37484,butcher,it,"minched, whiz, berger), garnish:, drops, roasted, (enough, 255g, tablespoons+, add-ins:, cherries,, dr, health, variety), there?), (reg., zucchini,, (stuffed, flakes)), alley), pancetta, (substitute, seasonings, pressing, sticks, smooth, 25, fat), smith, romaine, end, tip,, (400g), refrigerated, long, squeezing, marmalade, grainy, fava,, small/petite, oysters,, duncan, starter), (mild, cubes., vegan, charlotte, dough:, 2-inch, (brown",Louis Vidrine
405,43,MALE,11377,37360,baker,el,"one), hands, part, special, kirsch), condiments, 2/3-inch, 2-3, small/med, (rind, leaves/stems,, (additional),, doesn't, (unsweetened), seaweed, (around, limas,, sharp, sprigs, prefer),, breast), extract), gems,, unflavored, labeled, asiago, leeks, tahini,, mirin, dagoba),, sugars., cilantro/coriander,, threads), room-temperature, brie, state,, teriyaki,, heat), too., (place, sald, open, leche, sprigs,, (9.9, molds,, quarts, semi,, bought, buttermilk/milk",Charles Thome
406,43,FEMALE,91706,41621,pastry,el,"(something, marsala, 16, evaporated, drummettes, beans., abuelita, spoon., melts, stalks), leaves), have, cook, panko, 85, rubbed, 113, san, type, cream:, out, (scharffen, (japanese,, (paste), -, print, spelt, (and, (garbanzo, simply, picante, butternut,, sea, peaches,, (reg., dogs, sugar),, 570, brown-rice, of), frozen), pints), one, butter**, spring,, counter, peppercorns), well-strained,, agave, 3/4",Anne Perez
407,42,FEMALE,79912,48627,butcher,de,"leaf,, cumin), breast, rehydrate),, plate, pin, fusili,, handful, day-old, sourdough, plate,, (reserved, onions),, rhubarb,, hard-boiled, chorizo), pimentoes,, powder/granulates, all-natural, pepperoni, five, chiffonade, dressing/marinade:, cayenne,, flan:, potatos,, caster, brand,, endive,, top,, cold, also, seasonings), olives, wine:, unbaked, /45, louisiana, shells, works,, fragrant,, instead, should, dozen, sorrel,, nut, whites,, sauce*, top:, marinade/sauce",Gladys Wall
408,36,FEMALE,77036,26931,butcher,gu,"bread, beaten, buttermilk,, equal, ounces, 320, dumplings, container, recipe), bison,, gorgonzola, muffins, (hs:, midway), bowl., 415, granulated, taspoon, equiv., of), stracchino,, 385, kneading, handy, -use, oysters,, how, /15, coke, 2t., thick,, (needs, squares, example, (1.2, stinging, barn, punctuating, syrup), aged, granola, broccoli), cornstarch, canela, wide, (a, choice:, fava, muscovado), krusteaz",Jennifer Puffer
409,37,FEMALE,77573,68458,candy maker,el,"28, (3-ounce), brining, 3.5-ounce, dough., whisper, blood, non-alkaline/non-dutched, shucked, beans), minutes, tarragon,, against, glaze, foods, (fig,, stuffed, 1+, grained, (""pork, polenta, margarine,, at, turbinado, choice., undrained, fat, french/deli, buns., chicken,, medium, grapes,, handy, you're, one-half, 910, farro,, noodles, husked, fraiche, steaks,, table., ahead, (wild), (14.5), 20-30, cracker), garnish:, bowl:, lundberg's)",Christine Schatz
410,43,MALE,10458,22072,baker,ka,"muffin, slice, right, 65g, stick,, (granulated), each), fryer, (10-12, great-tasting, better), flowers,, sugar, slider, 460g, (good), honey,, chocolate, toast, medium, seconds), open, great,, turmeric., oregano,, spices:, (1/4-inch, oz,, corkscrew, may, candied, (tomatoes, moisten, preferred), pieces,, popped, apples, hanger,, big,, pita, marinade/sauce, serena), choice., small/medium, (instructions, (butt), source, sorghum, centimeters, i'm",Carl Nagle
411,39,FEMALE,10002,24022,sue chef,ka,"extract, arrowroot, (250g), serve, grillin’, aluminum, kind, tamari, while, center, cauliflower,, itself,, cilantro(or, fine-grain, pepper., chocolate,, i'm, russet, ketchup, 70%, strips,, pictured)*, sauce), 1-2, extra-large, (medium), deciliters, pit, beaten, (chocolate, one,, (provolone,, inside),, snipped, ale, verde, non-flaky, dough"", spoon, total),, (basil, sugar*, heated, equal, big), discs, used,, ripe, quality), rices",Sondra Cincotta
412,41,MALE,92376,37568,butcher,it,"finn, stock/broth, 2-4, whole-milk, shells, strings:, (heidi:, cooking), fire, about, greens,, (drained, halves,, kg, sheet, shredded), shell, rectangular, tend, yeast,, ganache, (105-115f), spice!), minutes, sugar-mashed, shallot, pan(s),, ok), chopping, rice,, 0z., oil, oil,, (105, shreds, dice, puffed, chorizo), (green), mixture:, three), (3-ounce), beans, (angel, fava,, vinegar, rice-sized, sized, cans), cubes,",Dominic Garcia
413,43,MALE,78577,24216,pastry,en,"caper, tequila, muffins, were, basil, heated, jello, edamame, spice!), crusts), onions:, teriyaki, slivers,, salsa,, -gently, butter,, cola, black, mozarella, pineapple, 1/, quality), best, ketchup,, tri-color, somewhat, rubbing, three), damp, oat, lemongrass, (place, toasted*, boneless,, cabbage,, skewered, giant, topping, larges, slaw:, headnotes, swiss), peachs,, blend), lime, reference, 4-5, (120g), spinach, small)",George Nix
414,35,FEMALE,90044,22091,deli,de,"arthur, once, finish, blistered, also, (peeled), 35, 4.5, merlot,, basil,, anything, grind), roast, pounds),, (farfalle), wont, rind, 2/3-inch, 15g, (use, dogs, extra, scallions, slotted, oil-packed, strawberries,, sorrel,, whole, ginger), spice, type, ever"", bamboo, above),, tops), enchilada, (crusty),, (ikea, dew, warmed, 25-30, (cheddar,, 115f), tuck, 2), write-up., option, bitter/spicy, pan), romano",Linda Knight
415,40,FEMALE,10029,22232,chef,ka,"spiky, 3/4, minute, quaker, butt""), directions), extra, strawberry, like., ""pico, fruits,, sriracha,, pickles), pecorino, patties,, guacamole,, prepared, (50g), (quick, fig, 55%, shelled, (sleeves), sourdough, ground,, smearing, buttermilk, many, 1-1/3, dusting, dry), been, (1cm), (watermelon), (1.65, hours., cheddar/jack, in), paper, 125, broccoli), burgundy,, above)., peel), wine, milk), (opt.), carob, non-aluminum, soft-cooked",Sheryl Krohn
416,45,MALE,79912,48627,butcher,ka,"coffee,, goes, (fajita, marinade, assemble:, non-flaky, vegetarians), homemade, above:, taste., fat-free, around), example,, (125, medium-length, notch, cucumber, rib), above),, brown,, desired, shortening, potatoes, 8oz., rolls, 45, (mine, cornbread,, cooking, cabbage,, gutted, spice!), wilted, (number, (red,, chive, cornstarch, above), gumbo, rub, country, (made, touch), hanout, pepper,, below, (105, jack), #1, ribbons",Ryan Hartz
417,43,FEMALE,22193,67190,sue chef,en,"matchstick-thin, seconds), fudge,, canola, all-purpose), pita, huge, tamari,, bars,, somewhat, actually, pappardelle, measuring, sugars., (minus, quite, sweetened,, tbls, porter, haf-inch, well-pureed, sage,, sprite,, fajita, choice)., ones), (hs, balsamic, ham,, l, eggs., fruit), fennel, tempeh, 1arborio, eau-de-vie), cracked, you're, non-fat, jacob's, whisked, paneed,, honey), pan,, wine), cured, (you, limes, roses, (ditto!)",Carrie Apolo
418,46,MALE,77584,70113,sue chef,in,"notch, almonds, pioneer, cherries, every, montreal), spicier, 5.5, tortillas,, filled, lemon), lemon,, crumbs*, handful/scoop, alternately, yogurt,, tortilla,, gruyere), (3t.), (organic), dressing, following, fennel,, pan-fried), 570, dime,, 250g, finn, duck, tuna, run, rolls,, stale, discs, mint, brown-sugar, rice), soaked, cilantro, fruits,, crabmeat, garnish, fire-roasted), hearty,, wafers:, top, adapted, 1/3-inch, those,, honey,",Joseph Graves
419,34,FEMALE,11235,31013,sue chef,de,"barely, (i.e., seasoning), everything, prob., below, lbs.), hershey's, chestnut, (opt):, haricots, packet), peanut, 1-ounce, v., fill, (groats), 1%, dry., always, peach,, (1/2, nuts, bell, minced,, broth), around, crusts):, etc., pounds),, parsley,, wrinkly,, olives:, each, (warm), the, cup, cornbread"", velveeta, 400˚f., (beef,, 225g, better), five, berries*, indian, muenster), 5-, mascarpone, or",Marianne Besser
420,44,MALE,10467,29044,pastry,gu,"heart,, 45, fluid, paneed,, ok, whisper, popcorn, breasts,, cauliflower, pestle, crystals, fingers, porcini, .25, off,, batter, 1.3, 2.5, (sirloin,, instant), photo):, pliable, diced/shredded, parmigiano-reggiano,, tarragon, durum, butter), count, (20, cherries, 1/4, oil-cured, ahead, norther, transparently, chopping, flakes)), minutes, teriyaki,, real,, angle, pine, they're, ravioli, fluid,, 15-, are, find, right, citrus",Eric Rathbun
421,42,MALE,92804,41887,chef,it,"molds, haven't, rum, 100, cacao),, shiitake, watercress,, 3, 6-8, fingers, vegetarian, 1cm, black, can,, 3-inch, thinned, anejo, notch, tuscan, peppers,, day-old, vert,, bar,, (green, lemon, nori, time, raw, (deseed, 170g, segments, clean, 1.6, (replace, fiesta, phuang), (small), sorrel,, find),, whipping, topping), sirloin, etc), add-ins:, liquor, ciabatta, splashing, fusili,, substitute, combo),",Steven Rogers
422,42,MALE,91706,41621,chef,ka,"garnishes:, whites,, 1-pound, crunch, oiling, pistachios,, cranberry, olives, ginger), tamarind, substitute), minched, big-grain, ribs, reserved, polenta, sprigs,, sized), greens:, example, alralfa, down, filling., axis, precooked, 175g, wedges., 9.7-ounce, seeded, (scraped, silver, mayacoba, ended, (15-18, (not, quinoa), stock), dough., pasta:, 320, rigatoni, option), once, temperature), chop), no-sodium), fontina, hard, (you, margarine,",Daniel Lyman
423,41,MALE,92704,49923,chef,ka,"borlotti,or, sprinkles, refrigerated, turbinado), shoyu), shakes, unbleached, (1.2, spices, use, empire,, medium-grained, they're, 80, included, available), 21c), 1-1/2, rolls:, tied, slits, -5, so,, jack,, 600, jelly,, glass., #1, 2.5, northern,, crisp, cook, chile, beluga, teaspoon+, (21, sharp, veg., fixings., marcona, margarine,, smearing, 385, create, sprouts,, cracker, moons, them),, comparable, leaves/stems,",William Gibson
424,40,MALE,92553,38554,baker,ka,"skillet/pan, fresh), leftover/pre-cooked, dishes,, tried, following, clothespins, headnote!), roasts, barn, (13, sized), (cavitappi,, (400g), cider, scallions),, 1-ounce, mission, success, puree, meaty), buckwheat, germ), mill, (little, it, fragrant,, folded, jello, cornmeal, toasted, deep-frying, dressing:, regular, (200, (by, (thick), artificial, sorghum, marshmallow, halves), notes), oily, total, cream), well,, gummy, stalk, raw, mix:",Steve Hodges
425,40,MALE,94565,48523,pastry,en,"artisan, spread:, brew, total),, (opt):, (2%, need), lean, carrot,, (3, round, (white/black, powder,, (angle), itself,, chili),, serve, sauce,, (a, cloves,, (chives, skinned, guessing, -2, pappardelle, 40, shrimp, box, slices), expose, gently., squash*, shells), circle, juicy,, fryer, margarine, star, shucked, natural, (13, (120g), topping, quinoa*, (quick, toppings, cooked,, glaze, using), 109",Richard Washington
426,37,MALE,11230,32327,candy maker,in,"steaks, fudge,, loosely, (weighed, panko, cavitappi), baking, wild, crackers,, 80ml, ""croutons"", 400g, hands, jalapenos, notes, krispies, ,, only,, (coarse), deveined, round,, muhammara, whisked, cubestonic, fingerling, pasta, grown, shaving, scallions, together, durum, anything, 453, pit, sugar),, cupcakes, potatoes), mixing, currants, pickles, tried, pineapple,, bananas,, shredded), pears, split, brown., granny, rolling, (chiffonade)",Gary Davis
427,36,FEMALE,11234,51446,chef,in,"shallot,, berries),, good!), oiling, orange), slider), syrup,, whiskey, 4.5, /chickpea, pimento, ketchup, buttermilk,, almonds, your, blackberries, velvet, vanilla, 3+, makisu, touch, (orecchiette,, 380, rice,, grating, finishing, heat), grams, grinder,, anise,, butter, cake, (large), shredded), using), -medium, quartered,, spices), (.25, pounds),, virgin, eucalyptus), approx), girls), ~4, broccolini,, 475, good-quality, bars,, toppings:",Susan Jackson
428,41,MALE,11355,36973,pastry,el,"turn, bread,, packages), veggies, unpopped, garlic, (21, krusteaz, pods), cold, write-up., extra,, (3, blanched), fajita, fat), scan, trini, basil, peppercorns, serving, his, (powdered), threads, (or, chopped/shredded, 1.3, use), pictured)*, couldn't, lengths, equal, but, soba,, overnight, pictures, untoasted, good), all,, chicken,, (10, sprig, quality), savory, 7/8, (lite, reg., ciabatta,, (varied, honey",Paul Wilder
429,32,FEMALE,92503,44829,baker,it,"gloves,, almond-flavored, with, caper, lengthwise, champagne, preference, light,, 65, charlotte, example:, flour),, leftover, chii, fancy, thyme,, (to, bowtie, equivalent)., available), now, rigatoni, kernels, swiss), whole,, below), drizzle,, 4), dry, (medium, iceberg, leaves), good-quality, bellas,, honey,, pim's, skinned, under, florida, artichokes,, unseasoned, wilted, type), unbleached, rectangular, oil*, shortening), a-p, blackberries,, bulgar",Judith Mccue
430,38,FEMALE,11212,20839,chef,ka,"hominy, zucchini), i'm, gingersnaps, jar), mints, aged, medium),, doesn't, (optional), hulled, saucy, bittersweet, tart, portobello, browns, tempered, 8oz., tried, wine:, soy, millet*, egg),, ~3, lentils),, washed, dutched, turkish, pickles), (1.8, herbs), stir, color), defrosted, minched, taco, (jarred), sesame, (medium), turkey,, lingonberries, poppy,, lemon, fine,, sriracha,, bouquet, onto, pinched, extra-large, drummettes",Tammy Freeman
431,38,FEMALE,90255,30375,baker,en,"larges, 3-1/2, easter, (juice, croutons:, torn, flesh,, brioche, three, (also, ex:, bean, cups+, fragrant., 2t., crackers*, (your, trimmed,, barely, christmas, 13, mushroom, muscovado, (turbinado), curd, first), louisiana, cube, picante, chicken,, 100g, (3.5, jalapeño,, 3/8, old-fashioned, (stems,, preparing, sweetened,, meat),, basket, 12-14, peppers,, (25g), naan, bourbon, dulse, 46c), darkest, sugar-mashed, (.25",Dorothy Gibbs
432,40,FEMALE,94544,49452,chef,in,"discs, bars, hulled, moscato, 113, basil,, glaze,, have, bacon-cheese, alt.), under, boxes, pile, crumbs), cauliflower,1/2-inch, (wash, above)., sugar),, (plain), masala, grater, (~1/4, fresh), can't, (very, tip, french/deli, short-grain, filling), popped, serves, cold, diced), 2-3, (heidi:, spoon, marshmallows, romano,, grana, eggplant/aubergine, iceberg,, oz/200g), 115g, immediately,, basil/cilantro, almonds, consomme, we, picante, left",Patricia Anderson
433,34,MALE,92553,38554,deli,it,"variety,, 1/2-inch, verts,, melissa, (yellow, sprig, (diagonally), mayo,, onions,, seedless, taste., pounds), liters, few, (cook, ~1/4, dagoba's, sprinkle, sauteed, sweetened,, croutons, (the, substitute, deveined,, rinsed,, soba), where, 1/4, puff, pappardelle, nectarines,, handful, barely, ready-to-cook, 7/8, (optional), dishes, trini, small-med, noodles, preheat, pints, ""croutons"", marjoram,, nuts, depending, 1.2, mezzaluna, daniels, below",Clyde Donahue
434,36,FEMALE,90250,33656,chef,en,"370, eggs, chunks,, whiskey,, berley's, (round, sifted, lots, bittersweet, flour,, chubby,, syrup), spice, plus, (3-4, lebanese, ""sylvia's, head, champagne, scallions,, basil,, cilantro/coriander,, meat, coriander), ciabatta,, 400˚f., stracchino,, technique., while, photo, (7-ounce, hand, after, pod,, (save, addition, video., 245, flute, optional, kitchen, cheese,, flat, (spicy, degree, sauce,, buy, blossoms, 300g, mushrooms:",Joan Martinez
435,42,MALE,37013,46063,butcher,en,"fl, medium-length, orecchiette,, length, taspoon, brand), chimayo), leaves),, lentils, bunches}, baguette, case, dishes, blackberries, stick,, capers, approx), prime, 6, better), borlotti), turn,, (breast, tuscan, tortillas:, sake, bread, thin/regular, bouillon, crust:, scissors, lb., fontina,, sweet, lacinato), barely, (made, bone-in,, work), only, wafers, used, 3.75, eyed, heating,, towels, couscous*, all-natural, save, natural)",David Francois
436,37,FEMALE,11377,37360,sue chef,de,"bulgur, oiling, sugar,, (large, cup+, red-pepper, paprika,, bunch), /, hamburger, slices), 2.5-cm, adult, awase, brand,, olives., larger, hearty,, rhubarb, apf, mango, post)., quaker, beef), cinnamon, used,, (11, (totally, t., ripe, neck, worcestershire, homemade, kidney, serrano,, move, been, zest,, german, knife, previously, muscavado, sauce., orgnic, stirred, thirds), mirasol, nonstick, notes), gel",Theresa Smith
437,41,MALE,11373,38151,deli,it,"can), morning), sheets;, wash, shallots, norther, elbows, (farfalle), notes), hazelnuts,, all-purposed, broccoli), extract,, golden, easter, bought, ozs.), meat), marinade, fluid,, (packed), (version, nut, glug, leaf,, sprouts), without, well-toasted, unrefined, sierra, lundberg's), 6), consomme, undrained, (substitute, pepperoni, juiced, chicken), degrees, add-ins:, cookies:, 1-2, blue, no, kg*, anything, nori,, slightly, nectarines., shallots)",Todd Locke
438,45,FEMALE,91331,39225,chef,de,"semi-pearled, cracks), 9, oven, brining, sausage, scones, 1-inch),, cabbage, water*, grits, rinse, (provolone,, tightly, success, recipe., filets, tempered, instant), broken, hair, lightly-flavored, dino, heated, 8-ounce, fluid, tomatoes),, seeds), cored, combinations, (240g), ounce), salt, ones,, temperature, guacamole:, sized), stores), peaks, pecans,, vine, wholesome, things, french/deli, large-flake, sure, coarse, according, one), quality",Gladys Haslam
439,38,FEMALE,30043,71424,deli,gu,"frozen), popcorn, pie, marinade:, shrimp,, unrefrigerated, sisters, taste!), (250g), edges., whirl, (lots!), nero, lump, shoots,, halves, espresso, unpopped, tarragon, fusilli, meat:, 300g, teaspoons+, barley,, breast, borlotti,or, spices,, drops, (instructions, dot, 5-6, puree*, celery,, xantham, frosted, buttered,, pw:, (crisco), salty, bone-in,, turnips, garlic,, juicy,, coke, onions),, thighs, cranberry,, marjoram,, mayacoba, (chard,",Cynthia Bunch
440,43,FEMALE,77083,52931,candy maker,it,"kahlua, seasonings), bittersweet, fennel, turkey,, write-up., paper, rehydrate),, saucy, huge, spicy;, (tiny, honey-champagne, (below), one-half, (deseed, cashew, night, rub, apricots,, lundberg's), 12-inch, hash, (10-12, various, purple, loosely, sauce, fettucine-style, booze, spicy!), 415, dijon, plum), 45, butter., ended, biscuits, (and, emmental, from, (sirloin,, combined, dollop, am, thinly,, extract), intact, choosing), filtered",Bertha Bernat
441,44,FEMALE,11373,38151,pastry,it,"butt), brocolli,, leeks, 60ml, taste., sauces, lobbed, dough., cauliflower, king, parmigiano-reggiano,, (sold, discarded, crosswise, bit,, (100g), velveeta, couscous*, (3/4, flakes, romanesco, silken, whole,, skillet:, dulse, color), couscous, (coarse), trim, 3-inch, (all, bleached, leek,, notes),, consomme, ham, romano), deep,, solid, ml.), gerkins,, strip, strained, (medium), end, that., dusted, straws, finish), fine),",Adela Loken
442,40,MALE,10467,29044,chef,in,"margarine,, using, 11, granules, flavorful,, asafetida,, quarts), strongly, alkalized, cloves), cultured, burgundy, finish, double-crust, center, flower, 75g, up, shoyu), bread:, tbsp, cm, (lots, lean, (page, crust,, pureed, medium, couldn't, bars), 200, (like, rocket, foods, tins, pimento, cubes,, adzuki, sierra, chanterelles,, triple, puffy, above),, while), firmly, brisket, bulb,, 1, nutmeg, labeled",Jonathan Henning
443,35,MALE,93535,39747,butcher,en,"ones), shortcakes:, (masoor, degrees), (4, are, good!), bag), brushing, smaller, great-tasting, cashew, aged, bhutanese, what, berger, frosting:, (3-4, coriander,, typically, russet, nectar), avocados,, pieces, crosswise, heart,, pine, squash, loosely, (greek), (14.5, grillin', cheddar,, grind), whipped, tasting, medium-length, leaves/stems,, parmesan, 255g, size), (parmesan, damp, marinara, 4-1/4, chopped*, spice), pictured)*, 130g, fontina",Craig Moore
444,41,FEMALE,92335,35008,baker,el,"ever, squash*, 5), 3-4, syrup,, ghee, but, tiny, (thin), flat-leaf, combination, (.14, day-old, (thick), red-fleshed, kernels,, can't, till, combining, soda, fine, flakes., tied, all, 15-ounce, raspberries, (optional), bag), (room, figure, scratch), second, wide, through, boneless,, raisins,, brisket, look, farmhouse, puffy, club, by, lettuce,, (equivalent, cane), shoyu,, (bamboo, pinenuts,, pineapple), soba",Betty Bowen
445,40,MALE,77084,53075,butcher,el,"steakhouse, ketchup, cornbread"", nectar), 245, preferred, (parmesan, (feel, clove, (1/8-inch), citrus-flavored, rolled, starter), norther, cauliflower,, pastry, cellophane, broth,, packages, flavors), shredding), carrots, serving:, gems,, halved,, marmalade, chives/, feta, bark,, glaze:, (chives, zested, crosswise, mesquite, want, flour),, (150g), bell, broken, old-fashioned, jalapeno,, twenty, pickles., (here, bean,, tk, (10-12, tortilla,, sturdy, kalamata",Martin Zambrano
446,41,FEMALE,77449,59198,chef,en,"notch, gumbo, 1/4-1/2, fiorelli, orange,, hearts, crispy, fire, phyllo, petals,, raviolis, it's, rose, (dr, potato, caraway, base), breadcrumbs,, temp,, thirds, guacamole,, nuts, (also, perfect, thyme., pepper., toppings:, pile, wrappers,, fryer), 155, 4-cheese, 1.6, (cavitappi,, them),, favorite, blue, assembling, refrigerator, pistachios, poppy, whites,, hard,, fudge,, cab,, bulb,, ounces,, how, nori, (warm)",Vickie Thompson
447,39,MALE,60647,35283,deli,el,"hand, shortening, prefer),, fresco, frying, (3, handle, cooking., sheets;, them, cajun, pim's, salted, destemmed,, pistachios, golden., state,, write-up., leeks, (japanese,, jamaica, variety, mystery, decorating, (120g), casseroles,, cassis, onions, sliced, 500, sec, butter:, follows), (soft, eau-de-vie), 28), cheddar,, saffron), 140, total), self-rising, elbow, together,, gallons, millet, scant, sauce), gala,, cheddar/jack), dough:",Ronald Higgins
448,35,FEMALE,90280,35744,butcher,it,"amaretto, (8, (roughly, frozen), gelatin, cup, loose, roasts, thirds), parsley, (3-4, greens, 120, full,, chives/, thoroughly, lettuce,, 150g, (92%, (10, (crusty),, see, food, grilled, 7, scant, confectioner's, /70, herbs., whisk, stalks,, round, brisket, batter:, pinto, sized, covered, clarified, pineapple), marinade, limoncello,, fried, scratch), runner, abuelita, /chickpea, spread:, pebble, asafetida,, extract",Lillian Bowen
449,37,MALE,77584,70113,butcher,de,"nectar, ounce, fraîche, prettier, refrigerated, bet, juice, (.03, grains), apricots., raisins), transparently, (sliced, 180, lentils, purpose, cream:, yeast,, you), basil, artisan, shallot, photo), bowtie, mesquite, gently, see-though, 200, 8.5, cm, garnishes:, off,, blackberries,, splashes, yolks), pre-soaked, sprite,, (""pork, out,, clean,, breadcrumbs), minced, lumps, ~1/2, 155g, burner, ounces), rub, (scallions), 46c)",Raphael Pender
450,44,MALE,77083,52931,deli,el,"progresses., roast, quick, last, bucatini, gumbo, spoon., oil-packed, pumpkin,, mayonnaise,, 280, lengths, 1.75, vermouth, cheaper), olives,, mizuna,, packed, usually, dressing, iron,, candy,, (21, liters, pureed, 1-inch, english, (approx, 80, sweeten, (the, seeds), whiskey,, almond, coating,, aren't, headnotes), romano,, file', adjust, linguine,, barbecue, mystery, kg, stick, gristle), (12, 227, sit, quinoa",Patrick Rosales
451,38,MALE,78577,24216,pastry,en,"wedges, look, pound),, grated, using, precooked, acorn, tenderized), crust:, (weighed, onions, 400g, lots, rib-eye,, meal, crustier, removed),, on), whip,, hanout, (recipe, thyme, tater, equal, 295, aniseed,, (juice, arugula,, crown,, chili),, guacamole"", favorite), itself,, damp, best), prefer),, gravy, herbs), aside., moving., mushroom, non-sweetened, wheat), three), combinations, me.), haf-inch, gristle), iceberg,, herbs:",Truman Perkins
452,35,MALE,91335,40792,butcher,el,"spring, (75g), chex, (opt), third., starter), (sometimes, boulange., 1-ounce, drain, more, chunks,, butt), grainy, halved,, scones, size), jalapenos, (half, (two, kitchen., country, pumpkins,, bought, combination),, plums,, find, uncooked, delicata, avocado,, petals, margarine, steak), sweet/spicy, skinless,, soda, edges., (mild, thinly,, (to, olives,, capers,, machine, roma, frying, thaw), semi-pearled, bunch, (blackstrap), brought",Gordon Reeves
453,35,FEMALE,79912,48627,pastry,in,"(varied, (don't, tablespoons,, meal, unrefined, smashed, fried, (10, free), dutched, sierra, gumbo, beans, pan-toasted, tamarind, 55, peppercorns,, sugar),, sisters, skim, (fresh), salted, sprite,, raisins,, pounds),, millet, (muscovado), (30-40, ounce), ""pico, smoke, (21, walnuts,, dash, (roughly, steak,, hock,, beef, (freshly, 14.5, adjustments, dipping, guacamole"", finely-ground, tbsp, toss, wonton, parmesan,, black-eyed, roasted/toasted",Bernice Swigert
454,45,FEMALE,77494,86488,pastry,in,"giant, 185, pesto:, grams), smearing, sm-med, barn, three), 1, desert, place, (particularly, rhodes), puffed, divided, /250, mayonnaise,, 1.5, light,, well-pureed, packet, cilantro(or, (21, fennel,, source, squashes,, frosting:, better), pans., bibb, had"", beer, nonstick, butter, crumbs, notes), strips, nonalkalized, 3-4, fine), liking!, feeling., mozarella, (angel, monterey, (penne, standard, serranos), florets, 8)",Lucinda Barnes
455,44,MALE,90201,30029,butcher,ka,"pan-frying, roast), .5, pinches, gently, jelly,, unbleaced, egg),, (try, basmati, fontina, simple, rounds, 1.5, 109, kale, little, (115, good!), sonoma, you), kaiser, parchment, package), ones),, dusting), holding, extra-thin, strained, pan-fried), wet, 250, 350g, spices), 9.7-ounce, (24-28, grease, additions!), sprite,, (minced), rib, /chickpea, pizza, crumbles, 20-lb., polenta, broth,, onions,, med-high, arugula",Donald Wheeler
456,42,FEMALE,78572,23799,chef,el,"pre-soaked, pepper,, 2.5, 130, intact, chile, scissors, bucatini, optional), real-deal,, 15-30, farmers', need), (coriander), /70, natural), sorghum, jalapenos,, ot¬her, swiss,, (provolone,, (125, (big, (optional,, montreal), paneed,, fontina,, serranos,, 2.25, (~3, center, sheets, mix:, rim,, tamari, doesn't, teaspoon, toss, anyone, thick-cut, reserved, seasonal, (chives, grams), (hs:, has, few, market, portobellos, syrup:",Lillie Howard
457,33,FEMALE,93307,26462,candy maker,in,"straight, crumbled, sesame-yogurt, soba), wet, madeleine, vermouth, chopped, food, your, mist, glass., instructions, pistachio, gingersnaps, toasted*, slices/slivers,, you), past, lb.),, 2-3, (substitute, fajita, cup+, plum, (see, paneed,, (sliced, pastina), enchilada, bison,, garbanzo, shallots,, (additional), (approximately, cauliflower,, spreadable, till, 150g, mayonnnaise, (masoor, drizzling, fluff, reds, margarine,, than, mix, adult, discarded, mirin",Nicole Garrette
458,37,FEMALE,60618,41355,pastry,in,"mine, store-bought, carrot, active, fold, 1/4-, whole-wheat, steak), rhubarb,, guessing, wraps, lentils),, (swiss,, minutes, pecan, whiskey,, 10.5, chiles,, 950, red-fleshed, did, processor, ""that's, canaola, pitted,, butt), pictured)*, de-stemmed, create, unsulphered, ziti, cellophane, (soft, #2, salt*, peppers), lots, rinsed), cake:, onto, 340, 40, grain), does, head),, 480, nicely., plenty, shaved, sparingly)",Laura Jackson
459,37,MALE,60625,40083,deli,ka,"ingredients, notes),, well-washed, purpose, been, spread., (additional,, tasty, olives:, water,, 4-cheese, nero, matchsticks, weight, (mine, jalapenos,, flavoring, (deseed, non-aluminum, cucumber, figure, candy,, basil, combo),, well-crushed, (150g), paneer,, 1/3c.-1/2c., just-melted, in, filled, honey-champagne, (low, (50, alternately,, fresh,, anaheim, work), stem, grape, dutch, more), (120, small-med, their, drop, country, trimmed,, pickles), 65",Dustin Piazza
460,39,FEMALE,93065,72384,baker,el,"prettier, waxy, peeler, salt., cloves, half-and-half,, 750, verde, chubby,, chevre,, egg,, (120g), bison,, carrots,, masa, sauce*, 227, crescents, inches), crab, milk, real,, while, sm-med, apf, additions:, beer,, olive, store-bought, framboise., (minced), cremini,, grillin’, sirloin, (unsweetened), packet, gel, radishes,, lillet, borlotti,or, semi,, fuji, pounds, mushrooms,, 80/20, fire-roasted, notes!), (all-purpose, to, yolks",Linda Carter
461,40,MALE,77494,86488,baker,de,"paste*, best, (medium-to-thin), lightly-flavored, zucchini, last, packed), crystallized, colorful,, ale, coating:, pictures, dijon,, (115, pears,, oz,, peppers, chiffonade), forgiving, (3-ounce), (divided), bundt, marjoram, spread:, cracked, long, cane, oz., 240, flakes,, cayenne, bagels, (cheddar, turnips, (200g), extra, boxes, 3-inch, itself,, likely, reg., package), farmhouse, de-stemmed,, cupcakes, single, 160g, (crunch/chunky, amaranth,, drizzle,",Orval Butler
462,46,FEMALE,90044,22091,butcher,ka,"ribeye,, rosewater,, spoon, x, thin, capacity, excess, cardamom, dollop, chubby,, first, softened, bison,, no-sodium), segment, saucepan, sesame,, need:, sauce., mango, black-eyed, untoasted, wwp), almonds),, (reserve, indian-style, (big, together,, 160, (natural, (crunch/chunky, them), inside),, sunspire, (below), rices, sauce:, crisp:, kirsch), set, poppy,, ale, nettles*, vinaigrette***, market, overnight, heated, superfine, salt, prefer)",Megan Fuller
463,42,MALE,10462,33735,deli,ka,"leftover/pre-cooked, bananas, chilies), medium, tops, olive,, blueberries*, russets), neck, crystaliized, petals, plumped, t., pitted., grillin', {~3-4, reference, rice), sprinkles, deseeded, grits, hearts,, refrigerate, last, basic, lite, (you, ~1/2, (light, burner, endive,, two, navy, chopsticks, below, pumpkin, ahead, shredded), pencil, photo),, dal), oz/200g), ribs), (190, julienned, chops:, towels, pestle, inch, shells)",Claude Sanchez
464,47,FEMALE,77036,26931,pastry,de,"chewy, sugar,, naughty), sauce,, rings, sauce:, (add, madeleine, candy, temp, melon, 600, legs), gruyere,, trees, shaving, 13.5, they, pomegranate, almonds, unpeeled, (2t., {~3-4, worcestershire, aluminum-free, cracks), (unsweetened), chanterelles, ~1/4-inch, hard,, 125, petals,, sprinkles,, roast, 20g, sprinkle, (chives, pimentos), caraway,, smashed, handful, shredded, hanout, refrigerated, bias, eggplant, (plus, 6-ounce, marinade., blender",Elizabeth Burton
465,36,MALE,77573,68458,baker,it,"mins,, kick, fryer, liqueur, fiesta, (milk, tin, (chulula, prep, had, once, have, burrito-sized, (3.5, five, well-crushed, balsamic, crust"", parts,, matchstick-thin, (real), down, (depending, germ, bran, (25g), pork, (manouri,, charms:, tortilla, reduced, bunch,, porcelain, tails, jack,, sweet/spicy, combining, granola, peanuts,, sunflower, 1/4, liking, sifted,, (scant, wine:, olive, equivalent), roast,, dulce, laloo's",John Jackson
466,37,FEMALE,90201,30029,chef,in,"gluten-sensitive), stick, well-toasted, check, wedges, -------------------------, sifted,, pack), pomegranate, both), mesquite, montreal), rolls:, fava, iron,, potatoes), spine, unwaxed,, bias, shortcake., condiments, well-washed, melissa's, (semolina, two, 140g, rolled, hard-boiled, milk, dino, warm, makisu, (juice, good,, (something, dill, cornstarch), globe, (fragrant), (i've, serving), fluff, part, girls), dime,, rum, pomegranate,, 100g, lb.),, cored,",Gwendolyn Cunningham
467,33,FEMALE,37211,37141,pastry,de,"guajillo, possible),, fluff, blend), litres, hershey, mozzarella, ~, sugar-mashed, dried,, veggies, gems, paneer,, berry, on, grade, berger, menthe, (jack, rinsed,, patch, (pepitas),, 45, mizuna,, sausage, 2-1/2, each, cheese,, more), (3-ounce), ~50ml), orange), low-sodium, blend, below), northern,, flaked, 1.5, grillin', pepper., would, norther, time:, hanger,, following:, american,, 1.5cm, chops, glaze, soft-rind,",Linda Lieber
468,30,MALE,75211,32702,butcher,el,"115, 3.5-ounce, perfect,, muffin/cupcake, /55g, extending, rocket, (6-ounce), temperature(!), large, cayenne, nori,, 25g, glaze,, (totally, hearty, 12, heat,, vera), cheaper), version), vinaigrette, seconds, ~1/4, sixths,, 85g, iceberg, feta, on,, serena), chipotle, mustard, one,, leeks,, lolipop, rosemary,, artichoke, ounces,, cool, yogurt, muscovado,, pea-like, poppy, leaves/stems,, 1/2, 4-inch, baked, choice)., muhammara, gallon",Pedro Lynn
469,41,FEMALE,92503,44829,baker,gu,"provence, fruit,, liquid, lots, batter, orange, (11-ounce, crust., tortillas, avocado, hash, filet, powder), whipped,, (look, farmer's, wild, vintage, (pinto,, patch, bar, grillin, pounds, organic,, sugar/honey, -, 75, patties,, greens,, flavorganics, pie, clove, 225, dogs, 60, quick, pak, button,, shichimi, an, raspberries, version, skim, zest), 15-20, serve., drained, blend), doughnuts, abuelita",Elizabeth Beall
470,31,FEMALE,92683,49686,butcher,en,"(scant), flavors), (50g), divided, (8, 14-ounce, corn,, garnish,, black,, 140, (tenderized, cracker), puree), great,, oranges), (~3),, (coarse), (mayo,, masa, jacob's, ketchup, feta,, saffron, till, m's, (makes, 160, oz., (divided),, grits, (heavy), (chard,, melty, ~1/4-inch, artisan, degrees), hearts, breasts, flakes),, (medium, pints), cottage, peaks, tapioca, leafy, broccolini),, 100g, ground,, room-temperature, crab",Lisa Martin
471,38,MALE,10462,33735,pastry,gu,"raisins), 227, well), inside),, larges, tempered, dried), grind), (arugula), rum, later, garnishes:, sliced*, mezzaluna, onions),, case, around), 100%, itself,, after, deeply, 2%, in., tablespoons+, wet, bass,, weights,, bowls, grinder), colors, thick, sir, straws, boulange., (something, crystals), grilled, (200, daal,, toppings, (14-ounce), iron,, waxy, discarded), basil/cilantro, -purpose, sandwich, cups),, honey,, version",Wayne Smith
472,38,MALE,92345,41423,butcher,en,"sodium), honey), semi,, (may, clay, alternately,, ""croutons"", traditional, croutons, mixed, steakhouse, bag, pieces), transfer, hours,, fin,, rehydrated, dates,, (evaporated, bocconcini,, eggplants, cacao),, early, carrots, fingers, yukon, together,, (above), putting, ozs., trust, crescent, anchovy, chilled,, strawberries, dashes), apf, northern, arugula, anchor, crispy, walnut, (warm), med-hot, arugula,, medium-length, picked, 2-1/2, light,, pasta.",Victor Kelty
473,42,FEMALE,77429,78527,sue chef,el,"water*, long, 48, northern,, shelled,, apple), noodles,, pound),, she's, lines, good!), mystery, surface, splashes, dagoba),, shortribs, mayo,, hazelnuts,, (not, (3-4, 75g, berries,, yukon, pastry,, roast, crescents, (sometimes, portobello, clean,, 60, skins, beans,, mandarin, sugar,, syrups...adapt, larges, alter-eco, cheaper), citrusy), threads), chocolate,, (80, arrowroot), chocolate, (105-115f), minched, espresso, fettuccine,, (tiny, (bamboo",Helen Randolph
474,43,FEMALE,66062,68682,baker,el,"favorite), pounded, 200, 1+kg, ibarra, yolks), mystery, mozzerella,, oversalt!), lump, color), noodles, fine, oil., 15, (scraped, krispies, check, tartar, pieces,, pecorino, included), hoisin, g,, add-ins:, savoiardi, tomatoes),, dutched, corkscrew, doughnuts, 3), (also, flakes, kernels,, holidays), (to, whole-grain, vegetables,, melon, sugar,, loaf,, crusts):, meatloaf:, brussels, according, bottom, sesame-yogurt, half, (200g), smashed",Amy Reilly
475,36,MALE,11226,29498,candy maker,el,"waxy, real-deal,, orange, dijon,, fruit,, cornstarch), of, foods, mushrooms, marsala, capers,, spice), sprinkles, butter**, powder/granulates, 3-inch, picked, (rind, touch, plate, strip, flakes,, add, medium, instant, sodium), powder*, bite-sized, ones), below),, buttered,, example, (minced), penne), above:, curls, room, can't, haf-inch, jelly,, meat:, pumpkins, clothespins, salty,, boil, rectangle,, smooth, mixed, machine, (40°f)",Irving Pavia
476,39,MALE,90650,46012,candy maker,in,"degree, cashew, 7-8, (7-ounce, mexican, gristle), grand, lemons,, shallot,, mustard, (salt-free,, seasoned, onions),, pre-soaked, bar, (muscovado), -a, drained, sprite,, lemon, such, (roma), flour,, scallions),, sit, (ikea, 1-ounce, ponzo, canaola, ingredients, peppermints, regular, 190g, squeezing, think, 3.5-ounce, loosely, bowls, cutters, carrots,, (scallions),, one,, 300, chop), almonds),, bag, mustard,, serves, krachai, spread.",Richard Simpson
477,44,MALE,60618,41355,butcher,in,"(below), melted,, you'll, crumbed, length, rocket, nectarines,, (fettuccine,, fixings., starch, beans), pretty, (breast, panko, cheddar, point,, bundle, crust, (japanese,, (14.5, (parmesan, 14), each,, spice), similar, less, (quick, padano, wine), bone-in, shoyu,, (sometimes, 32, cover, quinoa*, berger, sticks,, heirloom, olives:, (8, (if, asafetida,, (needs, lowfat, pastry,, (basil, (11-ounce, well-toasted, (either, oven.",Robert Skinnen
478,38,FEMALE,90255,30375,deli,ka,"old, topped, cauliflower,, beaten,, (small, gently., angle, roasted/toasted, virgin, adzuki, cm, packages, dishes,, potato, seasonal, curry, peppercorns,, headnotes), parmigiano-reggiano,, (scant), 150ml, steaks,, powder/granulates, yuzu, sweetness., too., lentils*, photo, unsifted, mix), celery,, roast), scones, crackers*, chanterelles, middle:, pickles., sunspire, he, available), crimp, edges., like, summer, 125g, hotel, chives/, jalapeno, scrubbed, 80ml",Lilly Horst
479,34,MALE,93065,72384,pastry,de,"kabobs, barbecue, 220c,, bar,, chickpea, tabasco, (vodka, thin), bite-sized, mix:, (pepitas),, ingredients, original, clothespins, beef), rolling, angel, (recipe, sake, un-peeled,, blend), half, stock,, cooked,, ice, above)., crimini),, 1-2, mixture:, line, nervous, clear, marinade, dark-brown, gummy, variety,, fresco, marshmallows, magazine, heat,, stalks,, filling), 70g, adobo, preference., penne, palm, example,, should, chunks,",Manuel Moser
480,39,FEMALE,75211,32702,butcher,ka,"packages, dough., topping, dish, bottom, white,, can), (something, pork,, pureed, dusted, (greek), 155, scant, almonds, unrefined, four, thickly, 1/3-inch, ricotta-stuffed, hamburger, button, de, bowls, sprig, russets,, 380, (prefer., o.k., borlotti, leftovers, isn't, slicing, colors), 2-4, rubbed, spring, indian-style, sparingly), moisten, whole), (sirloin, med., flavor, than, serves, folding, thermometer, peeled, 7-8",Patricia Love
481,40,MALE,92553,38554,deli,gu,"¼, (up, here), canola, oversalt), organic, breadcrumbs), 60ml, finely-ground, 3x., cheez, second, bagel), egg),, (decorator's, dr, 14-ounce, caramel, bottle), good!), oz., beans), 1.65, shelled,, good), taste), works,, anise,, by, nuts, around?, his, melissa, time, wedges., was, (angel, breadcrumbs,, mustard, wont, heat,, chops), spring,, sauce,, powder*, leaf,, deveined, choice,, sweetened, grinder)",Hubert Rhodes
482,38,MALE,75217,31532,pastry,gu,"rectangular, fritters, muscovado), crumbles, honey, black,, flakes., 80ml, (medium), (chuck, krachai, 14.5, skewered, oats), tasting, cilantro,, cannellini, (almond, salted, where, whiskey,, blend, uncooked, refrigerate, kernels,, easter, (divided),, croutons:, bulb, unbaked, tsp, towel, naan, 3/8, play, cutter, quartered, 10, lard, both, toasted, add-ins:, lean), (like, sunspire, kitchen), button,, un-peeled,, crusty, vegan",Patrick Taylor
483,40,FEMALE,77429,78527,candy maker,en,"soft, crust, diced/shredded, unbaked, batter, quickly, leaves/stems,, torn,, naan, wing, onions:, /340, grain, table, spaghetti, 1-3/4, salsa,, hock,, fl., grillin’, dark!), package), holding, whip,, shoyu), barley, 350, grape, brew, 1/2), ranch, julienne, 2.5-cm, (serrano), (salted), (pecorino,, coarsely, orange, salt*, blossom, stuffed, pressing, choice, be, by, parm,, hot, ardrahan, ones),, 125",Leah Carter
484,46,FEMALE,91710,55185,deli,ka,"me.), together,, self-rising, preference, done,, crusty, -, cupcakes., citrus, urad, ingredients:, ~50ml), segments,, sage, regular, /340, pepitas), got, &amp;, butternut,, turkey), chicken), gallo,, refrigerator, sorts, mozarella, piping, chops,, spray,, see, rhubarb,, plate, carrots),, (or, cauliflower,1/2-inch, parmesan, cannelini, swiss,, (powdered), berley's, above, eyes, (baby, sugar), picked, gently, broth), rocket, shelled,, oats)",Doris Alverez
485,38,FEMALE,11234,51446,deli,el,"andes, amounts, zucchini),, skin, tiny, 4-ounce, suspect, ""sylvia's, best), (extra),, (50g), brisket"", pasta:, pestle, inch,, chilies,, gum, 750, top, blueberries,, grains), puree, piping, halves,, snipped, example, (24, dino, crown,, /45, i, pasilla, (lacinato, peppers), potatoes,, 65, soaker, crepes,, galangal, want,, (jarred), strawberry, aromatic, every, leaves,, risotto., romaine), tablespoon), sliced*, non-stick",Gladys Fitzgerald
486,51,MALE,75211,32702,pastry,el,"jalapeno, dressings, 1-1/8, (carefully), started, handful), syrup), quartered, 14-ounce, washed,, seasoning), sugar-mashed, lentils, vermouth, brining, shreds, chili),, non-alkaline/non-dutched, sixths,, wine,, frosting:, preferred), nervous, a, chevre, marinade, round), glass., sparkling, 1/2), dough,, blueberries,, chips/, teaspoon, cookies:, cilantro), tart., crisco, granulated, good,, 65g, ground,, garbanzo, return, bean,, ounce, recipes., very,, sized, tightly",Ernesto Duckworth
487,43,MALE,90805,32565,chef,in,"pre-cut, option, cacao),, shelf, ""beans, stop, crescents, sauce, 3/8, 15-30, grater, fold, (15-18, molds,, chives, pieces,, pepperoni, ounce,, husk), flan:, 1+, (21-26, fine, tiny-inch, (leftover), self-rising), cooked*, 60ml, (and, ounces),, cucumber, 1/4-1/2, 15-20, fixins, great!), hearty,, chimayo), raisins), vegan, 453, choice)., 70%, lumps, rich, (3t.), cooled, chocolate,, (makheau, thick-sliced, non-stick",Michael Brooks
488,43,MALE,89110,43073,sue chef,in,"started, drained/rinsed, (paste), process, turkey,, 145, cover, cornmeal, blackberries, drain, pliable, squares), nectar, mins,, 36, (baker's), /250, romano), gray, sausage,, huckleberries, cranberries,, (walnuts,, tenderized, souffle, (look, strips, hours, fresh, jarred, canela, 230, locally, below, sald, refrigerate, (approximately, organic), dough., sauces, counter., write-up., 950, packet), splashing, 6-ounce, crushed, paper-thin, jar, 450g),",Keith Welch
489,42,FEMALE,60618,41355,deli,el,"slab, warm, success, broccoli), serena), caraway, powder*, (.44, boneless, pecan, version, quartered, tops, turnips, chunks,, ""pico, boxes, 230, lacinato, muscovado,, 1/8ths, smoke, strings:, lentils,, chopped), cucumbers, leeks,, thinning, combining, m's, dagoba's, tops), salad., 6), (brown, have, lingonberries, sugar., (thai, 680, de-veined, pitted,, rack, egg),, chicken,, (granulated), white,, tip,, b), (all",Katherine Dorsch
490,42,MALE,10468,26852,sue chef,el,"pomegranate,, (instructions, base, tri-color, cooking), cook, eggplants), small), shrimp,, leaf, empire,, ziti, 113, flakes., water,, skewered, squeezing, (make, guajillo, 115f), sugar),, got, (25g), stemmed, pie, tahini,, parsley, (~8, combo, honey,, dehydrated, meal, eau-de-vie), dilute, could, semolina, soda, (mild, chile, marinara, peppermint, sweetened, brown-rice, dark!), preferred), blend:, pistachios, 350f, leaves), german",Robert Michelson
491,39,MALE,11368,34746,baker,ka,"thyme), nice, this, rolls,, read, seasonings), inch, (cook, prime, fingers, good), 1/4-1/2, classic, overly, skillet/pan, his, marnier,, liquor, more), flageolet, (soft, bark,, farmer, (masoor, bet, marzano), 75g, quaker, mine, peppercorns), seedless, flaky, 115g, 3/8, crackers*, sixths,, ginger, salt, sec, spine, whisked, tbls, extra-firm, fixings., star), buy, fine),, want, 1cm, plums,",George Woodruff
492,39,FEMALE,92336,55340,baker,it,"pepitas), oil., 5-7, eggs:, coconut, (non-dutched), candy,, grilled, (oats, skin-on, hours,, topping:, storebought, provolone, sel, non-alkaline/non-dutched, (farfalle), b), (inner, plums,, sunspire, med.), pinto, pastry, (120g), berries,, lamb's, spread:, mins,, crushed, 40, thinly,, splinters, fine, globe, crust"", 1-inch),, choice),, steak, 13, salt), amelie's-provided, magazine, pumpkin, granny, sliced/chopped, quinoa,, 75, shucked, matchstick-thin",Debbi Svec
493,42,FEMALE,78572,23799,pastry,it,"strawberry, combination, included, cheddar/jack), canela, flank, smallish, romaing, harissa, white,, french/deli, pimentos, silver, halved,, (turbinado), aromatic, 370, pecorino, dashes), (all, (5.6, possible),, too,, (15, 1-pound, sumac, sald, deseeded, peas, candy, whites,, baguette, walnut, color, scrubbed, raddiccio,, cottage, urid, one-half, slits, pickles., 3, nachos, gently., gold), puree, (basil, a, 1-1/2, cutters",Ellen Brown
494,40,MALE,90201,30029,baker,gu,"flat, (arugula), pound), tiny, table, couscous, vinaigrette*, 453, amaranth, (thick), sensitive, nachos, bread:, (swiss,, bison,, shallot,, cubed, microplane-grated, ricotta-stuffed, soba,, strip, edible, tails, above),, ponzo, creamy, hazelnuts,, oz, choulula), handful), (whole, root,, similar, borlotti), drop, cracked, 55, broccolini,, pots,, rice, tender, (14-ounce), blend, sweet, seed,, aniseed,, thyme,, 710, (wash, romano,",Dan Harrington
495,39,FEMALE,91342,48744,baker,in,"pizza:, almost, minutes, premium, 570, (175, grease, (coating, drained/rinsed, handy, now, filets, barley,, (3.8, (light, at, transfer, crumbles,, figure, kirsch), moisture, artichokes,, ""beans, (small,, raw,, blackberries,, muscovado, jars, couscous, water, rinsed), gloves,, tamarind, dill,, ripe, gnocchi,, hanger,, broiler, cracks), roll), packets, pod,, dish, lengths, virgin, version, rectangle,, all-purpose, sugar., mayonnaise",Terri Barnfield
496,32,MALE,10467,29044,baker,it,"non-stick, grade, instant), peach,, linguine,, pomegranate, 10-inch, portobellos, shallots,, locally, 1.2, chestnut, skin, ribeye, flakes, (very, crackers,, actually, powdered, flavorganics, carrot, brandy), harissa,, moist, alphabet, anything, capers,, cans), (baby), peppermints, liters, weight, leaves/stems,, 3-inch, ketchup, bulgar, cooking, pepperoni, seasoned, oil:, yeast,, of, 1½, fiorelli, tōgarashi,, choosing), whole), packages, granulated, whiz)",Benito Niemi
497,41,MALE,91331,39225,candy maker,el,"sausage,, chickpeas, (250g), together), zested, filets, here), cane, lacinato), 70g, canes,, ketchup,, whole), thickness, (number, bacon,, dollops, box, nibs, 1-inch, gruyere, grains), peppercorns), ripe, sugar/honey, whiskey,, eyes, return, chops, rings, gray, masala, many, savory, freshest, pilsner, gems, below, (ribeye,, potatoes), (milk, (yes,, (above), part), run, purpose, mind, pistou, 10.5, folding",Gerald Pasch
498,48,MALE,10025,49733,butcher,it,"cavitappi), said, scratch), rib), peel), (oats, (orecchiette,, whole,, 3+, blackstrap, parmigiano-reggiano,, 3.75, using*, got, urid, tightly, scones, tomatoes**, tōgarashi,, rinsed,, tagliatelle,, quarter, syrup:, salad, good!), dates, (brown), ounce,, self-rising, togarashi, garlic,, cannellini, grapes, folded, marmalade, /45, 115f), yogurt), mix, (mache), heat, paneer,, 140, (1cm), grams), muenster), heads, plumped, flower, (long-leaf",Kevin Martinez
499,44,MALE,92553,38554,butcher,el,"broth,, granules, 14-ounce, almost, (red, notes!), ribs, tagliatelle,, quarts, chickpea, citrus, smaller, fettuccine,, shredding), rehydrate),, fire-roasted), chard, round, (15, crumbled, lawry's, out,, plump, itself,, overly, ro-tel, tsp, 1/2-inch, really, extra-virgin, cremini,, through, fill, crunch, fl, third, blend*, reduce, snow), aisle), (190, topping), 1arborio, well-crumbled, rubbing, (breast, unsalted, lasagna, on), refrigerate",Paul Johnson
